Channel Diameter (Lower),Diff.,-2 S.D.,+2 S.D.,Channel Diameter (Center),Channel Diameter (Upper),Channel Diameter (Center),Cum. <
um,Volume,Diff.,Diff.,um,um,Phi,Volume
,%,Volume,Volume,,,,%
,,%,%,,,,
0.375124,0.0159865,0.0147919,0.0171811,0.393033,0.411798,11.3129,0
0.411798,0.0285125,0.0263828,0.0306422,0.431458,0.452057,11.1783,0.0159865
0.452057,0.0422432,0.0390959,0.0453906,0.473639,0.496252,11.0437,0.044499
0.496252,0.0606452,0.0560997,0.0651907,0.519944,0.544768,10.9091,0.0867422
0.544768,0.0763406,0.0705598,0.0821214,0.570777,0.598027,10.7746,0.147387
0.598027,0.09073,0.0837874,0.0976726,0.626578,0.656493,10.64,0.223728
0.656493,0.104453,0.0963514,0.112555,0.687836,0.720675,10.5054,0.314458
0.720675,0.118457,0.109143,0.127771,0.755082,0.791132,10.3709,0.418911
0.791132,0.131228,0.120727,0.141729,0.828903,0.868477,10.2363,0.537368
0.868477,0.142854,0.13119,0.154518,0.90994,0.953383,10.1017,0.668596
0.953383,0.153782,0.140952,0.166612,0.9989,1.04659,9.96714,0.81145
1.04659,0.164645,0.150567,0.178723,1.09656,1.14891,9.83257,0.965232
1.14891,0.175917,0.160485,0.191349,1.20376,1.26123,9.698,1.12988
1.26123,0.187574,0.170701,0.204447,1.32145,1.38454,9.56343,1.30579
1.38454,0.20012,0.181662,0.218578,1.45064,1.5199,9.42885,1.49337
1.5199,0.213967,0.1938,0.234134,1.59246,1.66849,9.29428,1.69349
1.66849,0.230034,0.207965,0.252103,1.74815,1.83161,9.15971,1.90745
1.83161,0.248472,0.224285,0.272659,1.91906,2.01068,9.02514,2.13749
2.01068,0.269421,0.24291,0.295932,2.10667,2.20725,8.89056,2.38596
2.20725,0.292809,0.263784,0.321834,2.31263,2.42304,8.75599,2.65538
2.42304,0.318783,0.28704,0.350526,2.53872,2.65993,8.62142,2.94819
2.65993,0.347453,0.312766,0.38214,2.78692,2.91998,8.48684,3.26697
2.91998,0.378665,0.340791,0.416539,3.05939,3.20545,8.35227,3.61443
3.20545,0.412132,0.371112,0.453152,3.35849,3.51883,8.2177,3.99309
3.51883,0.447212,0.402654,0.49177,3.68682,3.86284,8.08313,4.40522
3.86284,0.483577,0.435643,0.531511,4.04726,4.24049,7.94855,4.85244
4.24049,0.520784,0.469342,0.572226,4.44294,4.65506,7.81398,5.33601
4.65506,0.558583,0.503775,0.613391,4.87731,5.11017,7.6794,5.8568
5.11017,0.596448,0.538239,0.654657,5.35414,5.60976,7.54483,6.41538
5.60976,0.634094,0.572662,0.695526,5.87759,6.1582,7.41025,7.01183
6.1582,0.671674,0.607099,0.736249,6.45221,6.76025,7.27568,7.64592
6.76025,0.709777,0.64208,0.777474,7.08301,7.42117,7.14111,8.3176
7.42117,0.749449,0.67882,0.820078,7.77547,8.14669,7.00653,9.02737
8.14669,0.791314,0.717427,0.865201,8.53563,8.94315,6.87196,9.77682
8.94315,0.836415,0.759065,0.913765,9.37012,9.81748,6.73738,10.5681
9.81748,0.885554,0.804242,0.966866,10.2862,10.7773,6.6028,11.4046
10.7773,0.940455,0.854522,1.02639,11.2918,11.8309,6.46823,12.2901
11.8309,1.00146,0.910534,1.09239,12.3958,12.9876,6.33365,13.2306
12.9876,1.06685,0.970397,1.1633,13.6076,14.2573,6.19907,14.232
14.2573,1.13135,1.02935,1.23335,14.938,15.6512,6.0645,15.2989
15.6512,1.18795,1.08129,1.29461,16.3984,17.1813,5.92992,16.4302
17.1813,1.23229,1.12248,1.3421,18.0016,18.861,5.79534,17.6182
18.861,1.26487,1.1539,1.37584,19.7615,20.705,5.66076,18.8505
20.705,1.29259,1.18198,1.4032,21.6935,22.7292,5.52618,20.1153
22.7292,1.32359,1.21391,1.43327,23.8143,24.9513,5.39161,21.4079
24.9513,1.36339,1.25418,1.4726,26.1425,27.3906,5.25703,22.7315
27.3906,1.41132,1.30182,1.52082,28.6983,30.0685,5.12245,24.0949
30.0685,1.46075,1.35031,1.57119,31.504,33.0081,4.98787,25.5062
33.0081,1.50352,1.39259,1.61445,34.584,36.2352,4.85328,26.967
36.2352,1.53337,1.4232,1.64354,37.9652,39.7777,4.7187,28.4705
39.7777,1.5499,1.4423,1.6575,41.6768,43.6665,4.58412,30.0039
43.6665,1.55805,1.455,1.6611,45.7513,47.9356,4.44954,31.5538
47.9356,1.56571,1.46706,1.66436,50.2242,52.622,4.31495,33.1118
52.622,1.58096,1.48447,1.67745,55.1343,57.7666,4.18036,34.6775
57.7666,1.60911,1.51203,1.70619,60.5245,63.4141,4.04578,36.2585
63.4141,1.65248,1.55308,1.75188,66.4417,69.6138,3.91119,37.8676
69.6138,1.71076,1.60966,1.81186,72.9374,76.4196,3.7766,39.5201
76.4196,1.78245,1.68376,1.88114,80.0681,83.8907,3.64201,41.2308
83.8907,1.86555,1.77493,1.95617,87.8959,92.0923,3.50742,43.0133
92.0923,1.95637,1.88009,2.03265,96.4892,101.096,3.37282,44.8788
101.096,2.04892,1.98925,2.10859,105.922,110.979,3.23822,46.8352
110.979,2.1365,2.09078,2.18222,116.278,121.829,3.10363,48.8841
121.829,2.21771,2.17694,2.25848,127.646,133.74,2.96902,51.0206
133.74,2.29997,2.25848,2.34146,140.125,146.815,2.83441,53.2383
146.815,2.39747,2.35133,2.44361,153.824,161.168,2.69981,55.5383
161.168,2.51733,2.46941,2.56525,168.863,176.925,2.56519,57.9358
176.925,2.64798,2.60787,2.68809,185.372,194.222,2.43057,60.4531
194.222,2.75388,2.72631,2.78145,203.495,213.21,2.29595,63.1011
213.21,2.79182,2.76125,2.82239,223.389,234.054,2.16132,65.8549
234.054,2.73915,2.68778,2.79052,245.228,256.936,2.02669,68.6468
256.936,2.61519,2.55128,2.6791,269.203,282.056,1.89204,71.3859
282.056,2.47839,2.41361,2.54317,295.522,309.631,1.75737,74.0011
309.631,2.39252,2.34067,2.44437,324.414,339.902,1.6227,76.4795
339.902,2.39282,2.36168,2.42396,356.13,373.132,1.48801,78.872
373.132,2.46361,2.43441,2.49281,390.946,409.611,1.35329,81.2648
409.611,2.53755,2.47638,2.59872,429.167,449.657,1.21853,83.7285
449.657,2.52207,2.41081,2.63333,471.125,493.617,1.08373,86.266
493.617,2.34617,2.16889,2.52345,517.184,541.876,0.948868,88.7881
541.876,2.00679,1.7569,2.25668,567.746,594.852,0.813905,91.1342
594.852,1.5819,1.26385,1.89995,623.252,653.008,0.678786,93.141
653.008,1.18768,0.819917,1.55544,684.184,716.849,0.543393,94.7229
716.849,0.90933,0.511217,1.30744,751.073,786.932,0.407456,95.9106
786.932,0.762913,0.346116,1.17971,824.502,863.866,0.270152,96.8199
863.866,0.700568,0.27848,1.12266,905.109,948.322,0.127128,97.5829
948.322,0.650333,0.245612,1.05505,993.595,1041.03,0.0666397,98.2834
1041.03,0.543779,0.1933,0.894258,1090.73,1142.81,-0.125299,98.9338
1142.81,0.343614,0.107959,0.579269,1197.37,1254.54,-0.259872,99.4775
1254.54,0.146437,0.0360367,0.256837,1314.44,1377.19,-0.394443,99.8212
1377.19,0.0298775,0.00540529,0.0543497,1442.94,1511.83,-0.529012,99.9676
1511.83,0.00253555,0.000198817,0.00487228,1584.01,1659.63,-0.663579,99.9975
1659.63,0,0,0,1738.86,1821.88,-0.798145,100
1821.88,0,0,0,1908.86,2000,-0.932714,100
