Kanaldurchmesser (Unten),Diff.,-2 S.D.,+2 S.D.,Kanaldurchmesser (Mitte),Kanaldurchmesser (Oben),Kanaldurchmesser (Mitte),Kum. <
um,Volumen,Diff.,Diff.,um,um,Phi,Volumen
,%,Volumen,Volumen,,,,%
,,%,%,,,,
0.375124,0.0418787,0.0363124,0.047445,0.393033,0.411798,11.3129,0
0.411798,0.074603,0.064716,0.08449,0.431458,0.452057,11.1783,0.0418787
0.452057,0.110734,0.0960327,0.125435,0.473639,0.496252,11.0437,0.116482
0.496252,0.15978,0.138466,0.181094,0.519944,0.544768,10.9091,0.227216
0.544768,0.203134,0.175743,0.230525,0.570777,0.598027,10.7746,0.386996
0.598027,0.244366,0.210982,0.27775,0.626578,0.656493,10.64,0.59013
0.656493,0.285421,0.245809,0.325033,0.687836,0.720675,10.5054,0.834496
0.720675,0.328963,0.282487,0.375439,0.755082,0.791132,10.3709,1.11992
0.791132,0.371666,0.317969,0.425363,0.828903,0.868477,10.2363,1.44888
0.868477,0.413893,0.352543,0.475243,0.90994,0.953383,10.1017,1.82055
0.953383,0.456932,0.387265,0.526599,0.9989,1.04659,9.96714,2.23444
1.04659,0.502372,0.423263,0.581481,1.09656,1.14891,9.83257,2.69137
1.14891,0.551257,0.461387,0.641127,1.20376,1.26123,9.698,3.19374
1.26123,0.603144,0.501318,0.70497,1.32145,1.38454,9.56343,3.745
1.38454,0.658652,0.543523,0.773781,1.45064,1.5199,9.42885,4.34814
1.5199,0.718145,0.588174,0.848116,1.59246,1.66849,9.29428,5.0068
1.66849,0.783125,0.636579,0.929671,1.74815,1.83161,9.15971,5.72494
1.83161,0.853242,0.688455,1.01803,1.91906,2.01068,9.02514,6.50807
2.01068,0.927936,0.743216,1.11266,2.10667,2.20725,8.89056,7.36131
2.20725,1.00617,0.800084,1.21226,2.31263,2.42304,8.75599,8.28925
2.42304,1.08747,0.858711,1.31623,2.53872,2.65993,8.62142,9.29542
2.65993,1.17147,0.918669,1.42427,2.78692,2.91998,8.48684,10.3829
2.91998,1.25732,0.979565,1.53507,3.05939,3.20545,8.35227,11.5544
3.20545,1.34389,1.04059,1.64719,3.35849,3.51883,8.2177,12.8117
3.51883,1.42941,1.10049,1.75833,3.68682,3.86284,8.08313,14.1556
3.86284,1.51288,1.1587,1.86706,4.04726,4.24049,7.94855,15.585
4.24049,1.59342,1.21499,1.97185,4.44294,4.65506,7.81398,17.0979
4.65506,1.67054,1.26931,2.07177,4.87731,5.11017,7.6794,18.6913
5.11017,1.74344,1.32164,2.16524,5.35414,5.60976,7.54483,20.3618
5.60976,1.81188,1.37209,2.25167,5.87759,6.1582,7.41025,22.1053
6.1582,1.87691,1.4221,2.33172,6.45221,6.76025,7.27568,23.9171
6.76025,1.94103,1.4739,2.40816,7.08301,7.42117,7.14111,25.7941
7.42117,2.00752,1.53122,2.48382,7.77547,8.14669,7.00653,27.7351
8.14669,2.07911,1.59735,2.56087,8.53563,8.94315,6.87196,29.7426
8.94315,2.1586,1.6755,2.6417,9.37012,9.81748,6.73738,31.8217
9.81748,2.2496,1.76992,2.72928,10.2862,10.7773,6.6028,33.9803
10.7773,2.35714,1.88571,2.82857,11.2918,11.8309,6.46823,36.2299
11.8309,2.48474,2.02637,2.94311,12.3958,12.9876,6.33365,38.5871
12.9876,2.62962,2.18997,3.06927,13.6076,14.2573,6.19907,41.0718
14.2573,2.77991,2.36712,3.1927,14.938,15.6512,6.0645,43.7014
15.6512,2.91884,2.54313,3.29455,16.3984,17.1813,5.92992,46.4813
17.1813,3.0347,2.70683,3.36257,18.0016,18.861,5.79534,49.4002
18.861,3.12904,2.85914,3.39894,19.7615,20.705,5.66076,52.4349
20.705,3.21511,3.0095,3.42072,21.6935,22.7292,5.52618,55.5639
22.7292,3.30581,3.17023,3.44139,23.8143,24.9513,5.39161,58.779
24.9513,3.40042,3.33939,3.46145,26.1425,27.3906,5.25703,62.0848
27.3906,3.47799,3.43008,3.5259,28.6983,30.0685,5.12245,65.4853
30.0685,3.50439,3.35849,3.65029,31.504,33.0081,4.98787,68.9632
33.0081,3.44829,3.1819,3.71468,34.584,36.2352,4.85328,72.4676
36.2352,3.29632,2.89518,3.69746,37.9652,39.7777,4.7187,75.9159
39.7777,3.06046,2.5195,3.60142,41.6768,43.6665,4.58412,79.2122
43.6665,2.77121,2.09714,3.44528,45.7513,47.9356,4.44954,82.2727
47.9356,2.46413,1.6777,3.25056,50.2242,52.622,4.31495,85.0439
52.622,2.1675,1.30017,3.03483,55.1343,57.7666,4.18036,87.508
57.7666,1.89502,0.984528,2.80551,60.5245,63.4141,4.04578,89.6755
63.4141,1.64984,0.73671,2.56297,66.4417,69.6138,3.91119,91.5706
69.6138,1.43063,0.548914,2.31235,72.9374,76.4196,3.7766,93.2204
76.4196,1.23579,0.408356,2.06322,80.0681,83.8907,3.64201,94.651
83.8907,1.06425,0.300307,1.82819,87.8959,92.0923,3.50742,95.8868
92.0923,0.908747,0.20449,1.613,96.4892,101.096,3.37282,96.9511
101.096,0.754972,0.110129,1.39981,105.922,110.979,3.23822,97.8598
110.979,0.590385,0.0171791,1.16359,116.278,121.829,3.10363,98.6148
121.829,0.414124,0,0.888132,127.646,133.74,2.96902,99.2052
133.74,0.240887,0,0.586741,140.125,146.815,2.83441,99.6193
146.815,0.105243,0,0.299209,153.824,161.168,2.69981,99.8602
161.168,0.0298421,0,0.102854,168.863,176.925,2.56519,99.9654
176.925,0.00446822,0,0.0178153,185.372,194.222,2.43057,99.9953
194.222,0.000255809,0,0.00114196,203.495,213.21,2.29595,99.9997
213.21,0,0,0,223.389,234.054,2.16132,100
234.054,0,0,0,245.228,256.936,2.02669,100
256.936,0,0,0,269.203,282.056,1.89204,100
282.056,0,0,0,295.522,309.631,1.75737,100
309.631,0,0,0,324.414,339.902,1.6227,100
339.902,0,0,0,356.13,373.132,1.48801,100
373.132,0,0,0,390.946,409.611,1.35329,100
409.611,0,0,0,429.167,449.657,1.21853,100
449.657,0,0,0,471.125,493.617,1.08373,100
493.617,0,0,0,517.184,541.876,0.948868,100
541.876,0,0,0,567.746,594.852,0.813905,100
594.852,0,0,0,623.252,653.008,0.678786,100
653.008,0,0,0,684.184,716.849,0.543393,100
716.849,0,0,0,751.073,786.932,0.407456,100
786.932,0,0,0,824.502,863.866,0.270152,100
863.866,0,0,0,905.109,948.322,0.127128,100
948.322,0,0,0,993.595,1041.03,0.0666397,100
1041.03,0,0,0,1090.73,1142.81,-0.125299,100
1142.81,0,0,0,1197.37,1254.54,-0.259872,100
1254.54,0,0,0,1314.44,1377.19,-0.394443,100
1377.19,0,0,0,1442.94,1511.83,-0.529012,100
1511.83,0,0,0,1584.01,1659.63,-0.663579,100
1659.63,0,0,0,1738.86,1821.88,-0.798145,100
1821.88,0,0,0,1908.86,2000,-0.932714,100
