Channel Diameter (Lower),Diff.,-2 S.D.,+2 S.D.,Channel Diameter (Center),Channel Diameter (Upper),Channel Diameter (Center),Cum. <
um,Volume,Diff.,Diff.,um,um,Phi,Volume
,%,Volume,Volume,,,,%
,,%,%,,,,
0.375124,0.0152829,0.0150307,0.0155351,0.393033,0.411798,11.3129,0
0.411798,0.0272682,0.0268182,0.0277182,0.431458,0.452057,11.1783,0.0152829
0.452057,0.0403696,0.0397214,0.0410178,0.473639,0.496252,11.0437,0.0425511
0.496252,0.0578455,0.0568948,0.0587962,0.519944,0.544768,10.9091,0.0829207
0.544768,0.0725769,0.0715396,0.0736142,0.570777,0.598027,10.7746,0.140766
0.598027,0.0859158,0.084655,0.0871766,0.626578,0.656493,10.64,0.213343
0.656493,0.0984561,0.0972312,0.099681,0.687836,0.720675,10.5054,0.299259
0.720675,0.111084,0.109936,0.112232,0.755082,0.791132,10.3709,0.397715
0.791132,0.122314,0.121357,0.123271,0.828903,0.868477,10.2363,0.508799
0.868477,0.132253,0.131481,0.133025,0.90994,0.953383,10.1017,0.631113
0.953383,0.141361,0.140699,0.142023,0.9989,1.04659,9.96714,0.763366
1.04659,0.150304,0.148803,0.151805,1.09656,1.14891,9.83257,0.904727
1.14891,0.159609,0.157159,0.162059,1.20376,1.26123,9.698,1.05503
1.26123,0.169345,0.16551,0.17318,1.32145,1.38454,9.56343,1.21464
1.38454,0.180095,0.174732,0.185458,1.45064,1.5199,9.42885,1.38399
1.5199,0.192343,0.185061,0.199625,1.59246,1.66849,9.29428,1.56408
1.66849,0.207029,0.197651,0.216407,1.74815,1.83161,9.15971,1.75642
1.83161,0.224328,0.21268,0.235976,1.91906,2.01068,9.02514,1.96345
2.01068,0.24436,0.230141,0.258579,2.10667,2.20725,8.89056,2.18778
2.20725,0.266983,0.250116,0.28385,2.31263,2.42304,8.75599,2.43214
2.42304,0.292193,0.272478,0.311908,2.53872,2.65993,8.62142,2.69912
2.65993,0.319899,0.297365,0.342433,2.78692,2.91998,8.48684,2.99132
2.91998,0.349739,0.324487,0.374991,3.05939,3.20545,8.35227,3.31121
3.20545,0.381217,0.35302,0.409414,3.35849,3.51883,8.2177,3.66095
3.51883,0.413511,0.38261,0.444412,3.68682,3.86284,8.08313,4.04217
3.86284,0.446107,0.412775,0.479439,4.04726,4.24049,7.94855,4.45568
4.24049,0.478443,0.442753,0.514133,4.44294,4.65506,7.81398,4.90179
4.65506,0.510205,0.472291,0.548118,4.87731,5.11017,7.6794,5.38023
5.11017,0.540891,0.501093,0.580689,5.35414,5.60976,7.54483,5.89044
5.60976,0.570255,0.529,0.61151,5.87759,6.1582,7.41025,6.43133
6.1582,0.598469,0.555785,0.641153,6.45221,6.76025,7.27568,7.00158
6.76025,0.626171,0.582048,0.670294,7.08301,7.42117,7.14111,7.60005
7.42117,0.654462,0.609224,0.6997,7.77547,8.14669,7.00653,8.22622
8.14669,0.684101,0.63759,0.730612,8.53563,8.94315,6.87196,8.88068
8.94315,0.716219,0.66917,0.763268,9.37012,9.81748,6.73738,9.56479
9.81748,0.751856,0.704006,0.799706,10.2862,10.7773,6.6028,10.281
10.7773,0.793182,0.744796,0.841568,11.2918,11.8309,6.46823,11.0329
11.8309,0.841579,0.792805,0.890353,12.3958,12.9876,6.33365,11.826
12.9876,0.896821,0.847794,0.945848,13.6076,14.2573,6.19907,12.6676
14.2573,0.955273,0.907341,1.00321,14.938,15.6512,6.0645,13.5644
15.6512,1.01109,0.965024,1.05716,16.3984,17.1813,5.92992,14.5197
17.1813,1.06006,1.01674,1.10338,18.0016,18.861,5.79534,15.5308
18.861,1.10204,1.062,1.14208,19.7615,20.705,5.66076,16.5909
20.705,1.14274,1.1066,1.17888,21.6935,22.7292,5.52618,17.6929
22.7292,1.18899,1.15628,1.2217,23.8143,24.9513,5.39161,18.8356
24.9513,1.24494,1.21638,1.2735,26.1425,27.3906,5.25703,20.0246
27.3906,1.30814,1.28271,1.33357,28.6983,30.0685,5.12245,21.2696
30.0685,1.36998,1.34666,1.3933,31.504,33.0081,4.98787,22.5777
33.0081,1.42021,1.40168,1.43874,34.584,36.2352,4.85328,23.9477
36.2352,1.45136,1.43647,1.46625,37.9652,39.7777,4.7187,25.3679
39.7777,1.46319,1.45024,1.47614,41.6768,43.6665,4.58412,26.8193
43.6665,1.46229,1.45396,1.47062,45.7513,47.9356,4.44954,28.2825
47.9356,1.45899,1.45177,1.46621,50.2242,52.622,4.31495,29.7447
52.622,1.46342,1.45514,1.4717,55.1343,57.7666,4.18036,31.2037
57.7666,1.48155,1.4755,1.4876,60.5245,63.4141,4.04578,32.6672
63.4141,1.51473,1.50844,1.52102,66.4417,69.6138,3.91119,34.1487
69.6138,1.56038,1.55125,1.56951,72.9374,76.4196,3.7766,35.6634
76.4196,1.61438,1.60164,1.62712,80.0681,83.8907,3.64201,37.2238
83.8907,1.67285,1.65539,1.69031,87.8959,92.0923,3.50742,38.8382
92.0923,1.73216,1.70887,1.75545,96.4892,101.096,3.37282,40.511
101.096,1.78935,1.76159,1.81711,105.922,110.979,3.23822,42.2432
110.979,1.84309,1.81777,1.86841,116.278,121.829,3.10363,44.0326
121.829,1.89676,1.87852,1.915,127.646,133.74,2.96902,45.8756
133.74,1.95777,1.94296,1.97258,140.125,146.815,2.83441,47.7724
146.815,2.03364,2.00253,2.06475,153.824,161.168,2.69981,49.7302
161.168,2.12239,2.05942,2.18536,168.863,176.925,2.56519,51.7638
176.925,2.2088,2.11385,2.30375,185.372,194.222,2.43057,53.8862
194.222,2.26788,2.14988,2.38587,203.495,213.21,2.29595,56.095
213.21,2.28198,2.16197,2.40199,223.389,234.054,2.16132,58.3629
234.054,2.25908,2.15736,2.3608,245.228,256.936,2.02669,60.6449
256.936,2.2373,2.15828,2.31632,269.203,282.056,1.89204,62.9039
282.056,2.27127,2.1859,2.35664,295.522,309.631,1.75737,65.1412
309.631,2.40337,2.28945,2.51729,324.414,339.902,1.6227,67.4125
339.902,2.64136,2.5117,2.77102,356.13,373.132,1.48801,69.8159
373.132,2.94287,2.8213,3.06444,390.946,409.611,1.35329,72.4572
409.611,3.21813,3.11999,3.31627,429.167,449.657,1.21853,75.4001
449.657,3.36092,3.27661,3.44523,471.125,493.617,1.08373,78.6182
493.617,3.29465,3.23279,3.35651,517.184,541.876,0.948868,81.9792
541.876,3.01283,2.96459,3.06107,567.746,594.852,0.813905,85.2738
594.852,2.58815,2.48339,2.69291,623.252,653.008,0.678786,88.2866
653.008,2.13225,1.95432,2.31018,684.184,716.849,0.543393,90.8748
716.849,1.74019,1.52529,1.95509,751.073,786.932,0.407456,93.007
786.932,1.45128,1.23901,1.66355,824.502,863.866,0.270152,94.7472
863.866,1.23467,1.03557,1.43377,905.109,948.322,0.127128,96.1985
948.322,1.03494,0.830208,1.23967,993.595,1041.03,0.0666397,97.4332
1041.03,0.798544,0.606108,0.99098,1090.73,1142.81,-0.125299,98.4681
1142.81,0.483369,0.355202,0.611536,1197.37,1254.54,-0.259872,99.2667
1254.54,0.204339,0.152126,0.256552,1314.44,1377.19,-0.394443,99.75
1377.19,0.0419443,0.0316741,0.0522145,1442.94,1511.83,-0.529012,99.9544
1511.83,0.00367422,0.00278977,0.00455867,1584.01,1659.63,-0.663579,99.9963
1659.63,0,0,0,1738.86,1821.88,-0.798145,100
1821.88,0,0,0,1908.86,2000,-0.932714,100
