Kanaldurchmesser (Unten),Diff.,-2 S.D.,+2 S.D.,Kanaldurchmesser (Mitte),Kanaldurchmesser (Oben),Kanaldurchmesser (Mitte),Kum. <
um,Volumen,Diff.,Diff.,um,um,Phi,Volumen
,%,Volumen,Volumen,,,,%
,,%,%,,,,
0.03999,0.000252136,0.000219066,0.000285206,0.0418992,0.0438996,14.5426,0
0.0438996,0.000323461,0.000280482,0.00036644,0.0459955,0.0481915,14.408,0.000252136
0.0481915,0.000504229,0.000436312,0.000572146,0.0504923,0.0529029,14.2734,0.000575597
0.0529029,0.00100188,0.0008639,0.00113986,0.0554286,0.0580749,14.1389,0.00107983
0.0580749,0.00210638,0.00181609,0.00239667,0.0608476,0.0637526,14.0043,0.00208171
0.0637526,0.00394531,0.00341048,0.00448014,0.0667963,0.0699854,13.8697,0.00418808
0.0699854,0.00606114,0.00526493,0.00685735,0.0733267,0.0768275,13.7351,0.00813339
0.0768275,0.00803182,0.00699781,0.00906583,0.0804954,0.0843385,13.6006,0.0141945
0.0843385,0.00993551,0.00867178,0.0111992,0.088365,0.0925838,13.466,0.0222263
0.0925838,0.0119616,0.010456,0.0134672,0.0970039,0.101635,13.3314,0.0321619
0.101635,0.0140491,0.0123036,0.0157946,0.106488,0.111572,13.1969,0.0441235
0.111572,0.0160442,0.014076,0.0180124,0.116898,0.122479,13.0623,0.0581725
0.122479,0.0180633,0.0158596,0.020267,0.128327,0.134454,12.9277,0.0742167
0.134454,0.0200508,0.0176341,0.0224675,0.140873,0.147598,12.7931,0.09228
0.147598,0.0219234,0.0193199,0.0245269,0.154645,0.162028,12.6586,0.112331
0.162028,0.02376,0.0209808,0.0265392,0.169764,0.177869,12.524,0.134254
0.177869,0.0257627,0.0227845,0.0287409,0.186361,0.195258,12.3894,0.158014
0.195258,0.0279135,0.0247432,0.0310838,0.20458,0.214348,12.2549,0.183777
0.214348,0.0301475,0.0267953,0.0334997,0.224581,0.235303,12.1203,0.21169
0.235303,0.0324602,0.0289417,0.0359787,0.246537,0.258308,11.9857,0.241838
0.258308,0.0349524,0.0312555,0.0386493,0.27064,0.283561,11.8511,0.274298
0.283561,0.0374365,0.0335809,0.0412921,0.297099,0.311283,11.7166,0.30925
0.311283,0.0399239,0.0359509,0.0438969,0.326145,0.341716,11.582,0.346687
0.341716,0.0423837,0.0382862,0.0464812,0.358031,0.375124,11.4474,0.386611
0.375124,0.0450196,0.040808,0.0492312,0.393033,0.411798,11.3129,0.428995
0.411798,0.0477224,0.0434081,0.0520367,0.431458,0.452057,11.1783,0.474014
0.452057,0.0505709,0.0461955,0.0549463,0.473639,0.496252,11.0437,0.521737
0.496252,0.053511,0.0490839,0.0579381,0.519944,0.544768,10.9091,0.572307
0.544768,0.0566718,0.0522073,0.0611363,0.570777,0.598027,10.7746,0.625818
0.598027,0.0599984,0.0555488,0.064448,0.626578,0.656493,10.64,0.68249
0.656493,0.0635598,0.0591311,0.0679885,0.687836,0.720675,10.5054,0.742489
0.720675,0.0673215,0.0630136,0.0716294,0.755082,0.791132,10.3709,0.806048
0.791132,0.0713607,0.0671978,0.0755236,0.828903,0.868477,10.2363,0.87337
0.868477,0.0756984,0.0717265,0.0796703,0.90994,0.953383,10.1017,0.94473
0.953383,0.0804132,0.0767559,0.0840705,0.9989,1.04659,9.96714,1.02043
1.04659,0.085518,0.0822581,0.0887779,1.09656,1.14891,9.83257,1.10084
1.14891,0.0910451,0.0882802,0.09381,1.20376,1.26123,9.698,1.18636
1.26123,0.0970097,0.0948774,0.099142,1.32145,1.38454,9.56343,1.27741
1.38454,0.103421,0.102088,0.104754,1.45064,1.5199,9.42885,1.37441
1.5199,0.11028,0.109529,0.111031,1.59246,1.66849,9.29428,1.47784
1.66849,0.117567,0.116412,0.118722,1.74815,1.83161,9.15971,1.58812
1.83161,0.125295,0.122997,0.127593,1.91906,2.01068,9.02514,1.70568
2.01068,0.133408,0.12967,0.137146,2.10667,2.20725,8.89056,1.83098
2.20725,0.141902,0.136563,0.147241,2.31263,2.42304,8.75599,1.96439
2.42304,0.150679,0.14355,0.157808,2.53872,2.65993,8.62142,2.10629
2.65993,0.159737,0.150704,0.16877,2.78692,2.91998,8.48684,2.25697
2.91998,0.168965,0.157935,0.179995,3.05939,3.20545,8.35227,2.4167
3.20545,0.178366,0.165269,0.191463,3.35849,3.51883,8.2177,2.58567
3.51883,0.187819,0.172624,0.203014,3.68682,3.86284,8.08313,2.76403
3.86284,0.197275,0.179936,0.214614,4.04726,4.24049,7.94855,2.95185
4.24049,0.206659,0.187281,0.226037,4.44294,4.65506,7.81398,3.14913
4.65506,0.215923,0.194506,0.23734,4.87731,5.11017,7.6794,3.35579
5.11017,0.225099,0.201805,0.248393,5.35414,5.60976,7.54483,3.57171
5.60976,0.234096,0.208967,0.259225,5.87759,6.1582,7.41025,3.79681
6.1582,0.243089,0.216342,0.269836,6.45221,6.76025,7.27568,4.0309
6.76025,0.251933,0.223691,0.280175,7.08301,7.42117,7.14111,4.27399
7.42117,0.261,0.231437,0.290563,7.77547,8.14669,7.00653,4.52593
8.14669,0.270198,0.239552,0.300844,8.53563,8.94315,6.87196,4.78693
8.94315,0.280032,0.248497,0.311567,9.37012,9.81748,6.73738,5.05712
9.81748,0.290336,0.258198,0.322474,10.2862,10.7773,6.6028,5.33716
10.7773,0.301691,0.269176,0.334206,11.2918,11.8309,6.46823,5.62749
11.8309,0.314129,0.281481,0.346777,12.3958,12.9876,6.33365,5.92918
12.9876,0.327866,0.295277,0.360455,13.6076,14.2573,6.19907,6.24331
14.2573,0.342576,0.310306,0.374846,14.938,15.6512,6.0645,6.57118
15.6512,0.357458,0.325453,0.389463,16.3984,17.1813,5.92992,6.91375
17.1813,0.372099,0.340833,0.403365,18.0016,18.861,5.79534,7.27121
18.861,0.385472,0.354945,0.415999,19.7615,20.705,5.66076,7.64331
20.705,0.397865,0.367857,0.427873,21.6935,22.7292,5.52618,8.02878
22.7292,0.409217,0.380161,0.438273,23.8143,24.9513,5.39161,8.42665
24.9513,0.420733,0.39279,0.448676,26.1425,27.3906,5.25703,8.83586
27.3906,0.433803,0.407306,0.4603,28.6983,30.0685,5.12245,9.2566
30.0685,0.450211,0.425601,0.474821,31.504,33.0081,4.98787,9.6904
33.0081,0.472364,0.450521,0.494207,34.584,36.2352,4.85328,10.1406
36.2352,0.502978,0.485007,0.520949,37.9652,39.7777,4.7187,10.613
39.7777,0.546848,0.53372,0.559976,41.6768,43.6665,4.58412,11.116
43.6665,0.610607,0.603067,0.618147,45.7513,47.9356,4.44954,11.6628
47.9356,0.703762,0.697197,0.710327,50.2242,52.622,4.31495,12.2734
52.622,0.838296,0.827702,0.84889,55.1343,57.7666,4.18036,12.9772
57.7666,1.02766,1.01542,1.0399,60.5245,63.4141,4.04578,13.8155
63.4141,1.285,1.2731,1.2969,66.4417,69.6138,3.91119,14.8431
69.6138,1.61901,1.61091,1.62711,72.9374,76.4196,3.7766,16.1281
76.4196,2.03016,2.02539,2.03493,80.0681,83.8907,3.64201,17.7471
83.8907,2.5067,2.48599,2.52741,87.8959,92.0923,3.50742,19.7773
92.0923,3.02342,2.99386,3.05298,96.4892,101.096,3.37282,22.284
101.096,3.5437,3.51633,3.57107,105.922,110.979,3.23822,25.3074
110.979,4.02389,4.01822,4.02956,116.278,121.829,3.10363,28.8511
121.829,4.42295,4.40278,4.44311,127.646,133.74,2.96902,32.875
133.74,4.71007,4.68958,4.73056,140.125,146.815,2.83441,37.2979
146.815,4.87364,4.82916,4.91812,153.824,161.168,2.69981,42.008
161.168,4.91815,4.87111,4.96519,168.863,176.925,2.56519,46.8817
176.925,4.85956,4.79426,4.92486,185.372,194.222,2.43057,51.7998
194.222,4.71405,4.6467,4.7814,203.495,213.21,2.29595,56.6594
213.21,4.49434,4.44728,4.5414,223.389,234.054,2.16132,61.3734
234.054,4.21372,4.20425,4.22319,245.228,256.936,2.02669,65.8677
256.936,3.89222,3.8333,3.95114,269.203,282.056,1.89204,70.0815
282.056,3.56245,3.4729,3.652,295.522,309.631,1.75737,73.9737
309.631,3.25969,3.15325,3.36613,324.414,339.902,1.6227,77.5361
339.902,3.00875,2.90475,3.11275,356.13,373.132,1.48801,80.7958
373.132,2.80799,2.73085,2.88513,390.946,409.611,1.35329,83.8046
409.611,2.62726,2.60019,2.65433,429.167,449.657,1.21853,86.6126
449.657,2.42036,2.38105,2.45967,471.125,493.617,1.08373,89.2398
493.617,2.14919,2.04198,2.2564,517.184,541.876,0.948868,91.6602
541.876,1.80861,1.64625,1.97097,567.746,594.852,0.813905,93.8094
594.852,1.43227,1.2416,1.62294,623.252,653.008,0.678786,95.618
653.008,1.07209,0.886453,1.25773,684.184,716.849,0.543393,97.0502
716.849,0.765559,0.614075,0.917043,751.073,786.932,0.407456,98.1223
786.932,0.523439,0.420369,0.626509,824.502,863.866,0.270152,98.8879
863.866,0.333858,0.272716,0.395,905.109,948.322,0.127128,99.4113
948.322,0.175193,0.140593,0.209793,993.595,1041.03,0.0666397,99.7452
1041.03,0.0660192,0.048145,0.0838934,1090.73,1142.81,-0.125299,99.9204
1142.81,0.0125984,0.00819352,0.0170033,1197.37,1254.54,-0.259872,99.9864
1254.54,0.000993065,0.000516356,0.00146977,1314.44,1377.19,-0.394443,99.999
1377.19,0,0,0,1442.94,1511.83,-0.529012,100
1511.83,0,0,0,1584.01,1659.63,-0.663579,100
1659.63,0,0,0,1738.86,1821.88,-0.798145,100
1821.88,0,0,0,1908.86,2000,-0.932714,100
