Kanaldurchmesser (Unten),Diff.,-2 S.D.,+2 S.D.,Kanaldurchmesser (Mitte),Kanaldurchmesser (Oben),Kanaldurchmesser (Mitte),Kum. <
um,Volumen,Diff.,Diff.,um,um,Phi,Volumen
,%,Volumen,Volumen,,,,%
,,%,%,,,,
0.03999,0.000711618,0.000643279,0.000779957,0.0418992,0.0438996,14.5426,0
0.0438996,0.000879848,0.000803405,0.000956291,0.0459955,0.0481915,14.408,0.000711618
0.0481915,0.00131413,0.0012145,0.00141376,0.0504923,0.0529029,14.2734,0.00159147
0.0529029,0.00251722,0.00235467,0.00267977,0.0554286,0.0580749,14.1389,0.0029056
0.0580749,0.00532927,0.00497786,0.00568068,0.0608476,0.0637526,14.0043,0.00542282
0.0637526,0.0102545,0.00949338,0.0110156,0.0667963,0.0699854,13.8697,0.0107521
0.0699854,0.0162842,0.0148908,0.0176776,0.0733267,0.0768275,13.7351,0.0210066
0.0768275,0.0218534,0.01986,0.0238468,0.0804954,0.0843385,13.6006,0.0372908
0.0843385,0.0270975,0.0245629,0.0296321,0.088365,0.0925838,13.466,0.0591442
0.0925838,0.0325478,0.0294693,0.0356263,0.0970039,0.101635,13.3314,0.0862417
0.101635,0.0381607,0.0344918,0.0418296,0.106488,0.111572,13.1969,0.11879
0.111572,0.0434942,0.0392613,0.0477271,0.116898,0.122479,13.0623,0.15695
0.122479,0.0487177,0.043954,0.0534814,0.128327,0.134454,12.9277,0.200444
0.134454,0.0539127,0.0485659,0.0592595,0.140873,0.147598,12.7931,0.249162
0.147598,0.0584552,0.0526376,0.0642728,0.154645,0.162028,12.6586,0.303075
0.162028,0.0627687,0.0564786,0.0690588,0.169764,0.177869,12.524,0.36153
0.177869,0.0672627,0.0605245,0.0740009,0.186361,0.195258,12.3894,0.424299
0.195258,0.0721888,0.0648826,0.079495,0.20458,0.214348,12.2549,0.491562
0.214348,0.0769985,0.0691409,0.0848561,0.224581,0.235303,12.1203,0.56375
0.235303,0.0817449,0.0733228,0.090167,0.246537,0.258308,11.9857,0.640749
0.258308,0.0865447,0.0775709,0.0955185,0.27064,0.283561,11.8511,0.722494
0.283561,0.0910089,0.081513,0.100505,0.297099,0.311283,11.7166,0.809038
0.311283,0.095098,0.0851169,0.105079,0.326145,0.341716,11.582,0.900047
0.341716,0.0988557,0.0884468,0.109265,0.358031,0.375124,11.4474,0.995145
0.375124,0.102637,0.0917885,0.113486,0.393033,0.411798,11.3129,1.094
0.411798,0.106139,0.0948762,0.117402,0.431458,0.452057,11.1783,1.19664
0.452057,0.109436,0.0977737,0.121098,0.473639,0.496252,11.0437,1.30278
0.496252,0.112566,0.100511,0.124621,0.519944,0.544768,10.9091,1.41221
0.544768,0.115659,0.103205,0.128113,0.570777,0.598027,10.7746,1.52478
0.598027,0.118616,0.105768,0.131464,0.626578,0.656493,10.64,1.64044
0.656493,0.121443,0.108195,0.134691,0.687836,0.720675,10.5054,1.75905
0.720675,0.124229,0.110582,0.137876,0.755082,0.791132,10.3709,1.8805
0.791132,0.127021,0.112936,0.141106,0.828903,0.868477,10.2363,2.00473
0.868477,0.129947,0.115409,0.144485,0.90994,0.953383,10.1017,2.13175
0.953383,0.133107,0.118046,0.148168,0.9989,1.04659,9.96714,2.26169
1.04659,0.136722,0.121083,0.152361,1.09656,1.14891,9.83257,2.3948
1.14891,0.140988,0.124669,0.157307,1.20376,1.26123,9.698,2.53152
1.26123,0.146151,0.12903,0.163272,1.32145,1.38454,9.56343,2.67251
1.38454,0.152435,0.134379,0.170491,1.45064,1.5199,9.42885,2.81866
1.5199,0.160092,0.140921,0.179263,1.59246,1.66849,9.29428,2.9711
1.66849,0.169506,0.149036,0.189976,1.74815,1.83161,9.15971,3.13119
1.83161,0.181021,0.159056,0.202986,1.91906,2.01068,9.02514,3.3007
2.01068,0.195005,0.171292,0.218718,2.10667,2.20725,8.89056,3.48172
2.20725,0.21176,0.18601,0.23751,2.31263,2.42304,8.75599,3.67672
2.42304,0.231713,0.203685,0.259741,2.53872,2.65993,8.62142,3.88848
2.65993,0.255315,0.224647,0.285983,2.78692,2.91998,8.48684,4.12019
2.91998,0.282906,0.249243,0.316569,3.05939,3.20545,8.35227,4.37551
3.20545,0.314642,0.277595,0.351689,3.35849,3.51883,8.2177,4.65842
3.51883,0.350336,0.309528,0.391144,3.68682,3.86284,8.08313,4.97306
3.86284,0.389814,0.344721,0.434907,4.04726,4.24049,7.94855,5.32339
4.24049,0.432713,0.383025,0.482401,4.44294,4.65506,7.81398,5.71321
4.65506,0.478707,0.423921,0.533493,4.87731,5.11017,7.6794,6.14592
5.11017,0.527134,0.46683,0.587438,5.35414,5.60976,7.54483,6.62463
5.60976,0.577345,0.511104,0.643586,5.87759,6.1582,7.41025,7.15176
6.1582,0.628935,0.556602,0.701268,6.45221,6.76025,7.27568,7.72911
6.76025,0.681781,0.602812,0.76075,7.08301,7.42117,7.14111,8.35804
7.42117,0.7361,0.650307,0.821893,7.77547,8.14669,7.00653,9.03982
8.14669,0.791609,0.698756,0.884462,8.53563,8.94315,6.87196,9.77592
8.94315,0.848255,0.747767,0.948743,9.37012,9.81748,6.73738,10.5675
9.81748,0.90552,0.797439,1.0136,10.2862,10.7773,6.6028,11.4158
10.7773,0.963737,0.84785,1.07962,11.2918,11.8309,6.46823,12.3213
11.8309,1.0222,0.8985,1.1459,12.3958,12.9876,6.33365,13.285
12.9876,1.07908,0.947559,1.2106,13.6076,14.2573,6.19907,14.3072
14.2573,1.13037,0.990987,1.26975,14.938,15.6512,6.0645,15.3863
15.6512,1.17164,1.02472,1.31856,16.3984,17.1813,5.92992,16.5167
17.1813,1.20154,1.04737,1.35571,18.0016,18.861,5.79534,17.6883
18.861,1.22259,1.06217,1.38301,19.7615,20.705,5.66076,18.8899
20.705,1.24191,1.07591,1.40791,21.6935,22.7292,5.52618,20.1125
22.7292,1.26607,1.0951,1.43704,23.8143,24.9513,5.39161,21.3544
24.9513,1.29844,1.12242,1.47446,26.1425,27.3906,5.25703,22.6204
27.3906,1.33682,1.15486,1.51878,28.6983,30.0685,5.12245,23.9189
30.0685,1.37467,1.18589,1.56345,31.504,33.0081,4.98787,25.2557
33.0081,1.40563,1.2096,1.60166,34.584,36.2352,4.85328,26.6304
36.2352,1.42627,1.22402,1.62852,37.9652,39.7777,4.7187,28.036
39.7777,1.43893,1.23273,1.64513,41.6768,43.6665,4.58412,29.4623
43.6665,1.45001,1.24311,1.65691,45.7513,47.9356,4.44954,30.9012
47.9356,1.46719,1.26205,1.67233,50.2242,52.622,4.31495,32.3512
52.622,1.49696,1.29402,1.6999,55.1343,57.7666,4.18036,33.8184
57.7666,1.5426,1.33998,1.74522,60.5245,63.4141,4.04578,35.3154
63.4141,1.60515,1.39843,1.81187,66.4417,69.6138,3.91119,36.858
69.6138,1.68447,1.46887,1.90007,72.9374,76.4196,3.7766,38.4631
76.4196,1.78057,1.55282,2.00832,80.0681,83.8907,3.64201,40.1476
83.8907,1.89329,1.65279,2.13379,87.8959,92.0923,3.50742,41.9282
92.0923,2.01931,1.76943,2.26919,96.4892,101.096,3.37282,43.8215
101.096,2.14937,1.89494,2.4038,105.922,110.979,3.23822,45.8408
110.979,2.26906,2.01669,2.52143,116.278,121.829,3.10363,47.9901
121.829,2.36748,2.12534,2.60962,127.646,133.74,2.96902,50.2592
133.74,2.44694,2.22488,2.669,140.125,146.815,2.83441,52.6267
146.815,2.52728,2.33587,2.71869,153.824,161.168,2.69981,55.0736
161.168,2.63259,2.48086,2.78432,168.863,176.925,2.56519,57.6009
176.925,2.77319,2.6646,2.88178,185.372,194.222,2.43057,60.2335
194.222,2.92879,2.86384,2.99374,203.495,213.21,2.29595,63.0067
213.21,3.05252,3.03232,3.07272,223.389,234.054,2.16132,65.9355
234.054,3.09538,3.07067,3.12009,245.228,256.936,2.02669,68.988
256.936,3.03804,2.95439,3.12169,269.203,282.056,1.89204,72.0834
282.056,2.90897,2.75352,3.06442,295.522,309.631,1.75737,75.1214
309.631,2.76655,2.52181,3.01129,324.414,339.902,1.6227,78.0304
339.902,2.66444,2.3155,3.01338,356.13,373.132,1.48801,80.7969
373.132,2.61792,2.15828,3.07756,390.946,409.611,1.35329,83.4614
409.611,2.59253,2.0277,3.15736,429.167,449.657,1.21853,86.0793
449.657,2.51869,1.86715,3.17023,471.125,493.617,1.08373,88.6718
493.617,2.32778,1.61733,3.03823,517.184,541.876,0.948868,91.1905
541.876,1.99626,1.2606,2.73192,567.746,594.852,0.813905,93.5183
594.852,1.56743,0.843071,2.29179,623.252,653.008,0.678786,95.5146
653.008,1.12813,0.445502,1.81076,684.184,716.849,0.543393,97.082
716.849,0.756751,0.145084,1.36842,751.073,786.932,0.407456,98.2101
786.932,0.486592,0,1.01162,824.502,863.866,0.270152,98.9669
863.866,0.298322,0,0.730483,905.109,948.322,0.127128,99.4535
948.322,0.161587,0,0.465494,993.595,1041.03,0.0666397,99.7518
1041.03,0.0674442,0,0.226927,1090.73,1142.81,-0.125299,99.9134
1142.81,0.0170044,0,0.0638883,1197.37,1254.54,-0.259872,99.9808
1254.54,0.00213307,0,0.00871774,1314.44,1377.19,-0.394443,99.9978
1377.19,4.98988E-05,0,0.000222753,1442.94,1511.83,-0.529012,99.9999
1511.83,0,0,0,1584.01,1659.63,-0.663579,100
1659.63,0,0,0,1738.86,1821.88,-0.798145,100
1821.88,0,0,0,1908.86,2000,-0.932714,100
