Kanaldurchmesser (Unten),Diff.,-2 S.D.,+2 S.D.,Kanaldurchmesser (Mitte),Kanaldurchmesser (Oben),Kanaldurchmesser (Mitte),Kum. <
um,Volumen,Diff.,Diff.,um,um,Phi,Volumen
,%,Volumen,Volumen,,,,%
,,%,%,,,,
0.03999,0.000126204,0.000104318,0.00014809,0.0418992,0.0438996,14.5426,0
0.0438996,0.000157382,0.000128984,0.00018578,0.0459955,0.0481915,14.408,0.000126204
0.0481915,0.000237646,0.000192933,0.000282359,0.0504923,0.0529029,14.2734,0.000283586
0.0529029,0.000456439,0.000365669,0.000547209,0.0554286,0.0580749,14.1389,0.000521232
0.0580749,0.000962879,0.000771534,0.00115422,0.0608476,0.0637526,14.0043,0.000977671
0.0637526,0.00185207,0.0015003,0.00220384,0.0667963,0.0699854,13.8697,0.00194055
0.0699854,0.00296056,0.00244238,0.00347874,0.0733267,0.0768275,13.7351,0.00379262
0.0768275,0.00401114,0.00334822,0.00467406,0.0804954,0.0843385,13.6006,0.00675318
0.0843385,0.00501918,0.00421907,0.00581929,0.088365,0.0925838,13.466,0.0107643
0.0925838,0.00608565,0.00514226,0.00702904,0.0970039,0.101635,13.3314,0.0157835
0.101635,0.00721709,0.00613783,0.00829635,0.106488,0.111572,13.1969,0.0218692
0.111572,0.00831905,0.00711956,0.00951854,0.116898,0.122479,13.0623,0.0290862
0.122479,0.00940665,0.00807868,0.0107346,0.128327,0.134454,12.9277,0.0374053
0.134454,0.0105239,0.00908345,0.0119644,0.140873,0.147598,12.7931,0.046812
0.147598,0.0115946,0.0100725,0.0131167,0.154645,0.162028,12.6586,0.0573359
0.162028,0.0126727,0.0110865,0.0142589,0.169764,0.177869,12.524,0.0689305
0.177869,0.0138183,0.0121589,0.0154777,0.186361,0.195258,12.3894,0.0816032
0.195258,0.0151118,0.0133887,0.0168349,0.20458,0.214348,12.2549,0.0954215
0.214348,0.0165078,0.0147538,0.0182618,0.224581,0.235303,12.1203,0.110533
0.235303,0.0180158,0.0162666,0.019765,0.246537,0.258308,11.9857,0.127041
0.258308,0.0196382,0.0179043,0.0213721,0.27064,0.283561,11.8511,0.145057
0.283561,0.0213056,0.0196212,0.02299,0.297099,0.311283,11.7166,0.164695
0.311283,0.0229933,0.021381,0.0246056,0.326145,0.341716,11.582,0.186001
0.341716,0.0246954,0.0231744,0.0262164,0.358031,0.375124,11.4474,0.208994
0.375124,0.0265103,0.0250913,0.0279293,0.393033,0.411798,11.3129,0.233689
0.411798,0.0284273,0.0271543,0.0297003,0.431458,0.452057,11.1783,0.2602
0.452057,0.0304885,0.029404,0.031573,0.473639,0.496252,11.0437,0.288627
0.496252,0.0326704,0.0318238,0.033517,0.519944,0.544768,10.9091,0.319115
0.544768,0.0350276,0.0344663,0.0355889,0.570777,0.598027,10.7746,0.351786
0.598027,0.0375533,0.0374022,0.0377044,0.626578,0.656493,10.64,0.386814
0.656493,0.0402886,0.0401483,0.0404289,0.687836,0.720675,10.5054,0.424367
0.720675,0.043226,0.0426277,0.0438243,0.755082,0.791132,10.3709,0.464655
0.791132,0.0463947,0.0452769,0.0475125,0.828903,0.868477,10.2363,0.507881
0.868477,0.0498165,0.0480683,0.0515647,0.90994,0.953383,10.1017,0.554276
0.953383,0.0535358,0.0511079,0.0559637,0.9989,1.04659,9.96714,0.604093
1.04659,0.0575743,0.0543559,0.0607927,1.09656,1.14891,9.83257,0.657629
1.14891,0.0619346,0.0578134,0.0660558,1.20376,1.26123,9.698,0.715203
1.26123,0.0666184,0.0614623,0.0717745,1.32145,1.38454,9.56343,0.777137
1.38454,0.0716163,0.0653548,0.0778778,1.45064,1.5199,9.42885,0.843756
1.5199,0.0769385,0.0694921,0.0843849,1.59246,1.66849,9.29428,0.915372
1.66849,0.0825798,0.0738168,0.0913428,1.74815,1.83161,9.15971,0.992311
1.83161,0.0885541,0.0784285,0.0986797,1.91906,2.01068,9.02514,1.07489
2.01068,0.0948366,0.0833108,0.106362,2.10667,2.20725,8.89056,1.16344
2.20725,0.101435,0.0884793,0.114391,2.31263,2.42304,8.75599,1.25828
2.42304,0.108321,0.0939627,0.122679,2.53872,2.65993,8.62142,1.35972
2.65993,0.115504,0.0998,0.131208,2.78692,2.91998,8.48684,1.46804
2.91998,0.122934,0.10599,0.139878,3.05939,3.20545,8.35227,1.58354
3.20545,0.130583,0.112564,0.148602,3.35849,3.51883,8.2177,1.70648
3.51883,0.138384,0.11949,0.157278,3.68682,3.86284,8.08313,1.83706
3.86284,0.146278,0.126762,0.165794,4.04726,4.24049,7.94855,1.97544
4.24049,0.154216,0.134373,0.174059,4.44294,4.65506,7.81398,2.12172
4.65506,0.16211,0.142264,0.181956,4.87731,5.11017,7.6794,2.27594
5.11017,0.16992,0.150444,0.189396,5.35414,5.60976,7.54483,2.43805
5.60976,0.177538,0.158815,0.196261,5.87759,6.1582,7.41025,2.60797
6.1582,0.185024,0.167432,0.202616,6.45221,6.76025,7.27568,2.7855
6.76025,0.192268,0.176227,0.208309,7.08301,7.42117,7.14111,2.97053
7.42117,0.199357,0.185233,0.213481,7.77547,8.14669,7.00653,3.1628
8.14669,0.20616,0.1944,0.21792,8.53563,8.94315,6.87196,3.36215
8.94315,0.212841,0.203995,0.221687,9.37012,9.81748,6.73738,3.56831
9.81748,0.219291,0.213645,0.224937,10.2862,10.7773,6.6028,3.78115
10.7773,0.225703,0.223994,0.227412,11.2918,11.8309,6.46823,4.00045
11.8309,0.232102,0.229473,0.234731,12.3958,12.9876,6.33365,4.22615
12.9876,0.238665,0.231655,0.245675,13.6076,14.2573,6.19907,4.45825
14.2573,0.245495,0.233824,0.257166,14.938,15.6512,6.0645,4.69692
15.6512,0.252587,0.236343,0.268831,16.3984,17.1813,5.92992,4.94241
17.1813,0.260211,0.23961,0.280812,18.0016,18.861,5.79534,5.195
18.861,0.268401,0.244041,0.292761,19.7615,20.705,5.66076,5.45521
20.705,0.277628,0.250239,0.305017,21.6935,22.7292,5.52618,5.72361
22.7292,0.28787,0.258301,0.317439,23.8143,24.9513,5.39161,6.00124
24.9513,0.299052,0.268123,0.329981,26.1425,27.3906,5.25703,6.28911
27.3906,0.310487,0.278755,0.342219,28.6983,30.0685,5.12245,6.58816
30.0685,0.321248,0.288911,0.353584,31.504,33.0081,4.98787,6.89865
33.0081,0.33066,0.297547,0.363773,34.584,36.2352,4.85328,7.2199
36.2352,0.338683,0.304192,0.373174,37.9652,39.7777,4.7187,7.55056
39.7777,0.347107,0.310504,0.38371,41.6768,43.6665,4.58412,7.88924
43.6665,0.35936,0.320088,0.398632,45.7513,47.9356,4.44954,8.23635
47.9356,0.380279,0.337963,0.422595,50.2242,52.622,4.31495,8.59571
52.622,0.415062,0.369472,0.460652,55.1343,57.7666,4.18036,8.97598
57.7666,0.468662,0.419733,0.517591,60.5245,63.4141,4.04578,9.39105
63.4141,0.54642,0.49418,0.59866,66.4417,69.6138,3.91119,9.85971
69.6138,0.654842,0.599695,0.709989,72.9374,76.4196,3.7766,10.4061
76.4196,0.803082,0.745785,0.860379,80.0681,83.8907,3.64201,11.061
83.8907,1.00269,0.944584,1.0608,87.8959,92.0923,3.50742,11.8641
92.0923,1.26575,1.20988,1.32162,96.4892,101.096,3.37282,12.8667
101.096,1.60143,1.5517,1.65116,105.922,110.979,3.23822,14.1325
110.979,2.01103,1.97271,2.04935,116.278,121.829,3.10363,15.7339
121.829,2.48586,2.46353,2.50819,127.646,133.74,2.96902,17.745
133.74,3.00438,2.99335,3.01541,140.125,146.815,2.83441,20.2308
146.815,3.53525,3.51379,3.55671,153.824,161.168,2.69981,23.2352
161.168,4.03719,4.00722,4.06716,168.863,176.925,2.56519,26.7704
176.925,4.4655,4.41012,4.52088,185.372,194.222,2.43057,30.8076
194.222,4.77702,4.713,4.84104,203.495,213.21,2.29595,35.2731
213.21,4.94065,4.87216,5.00914,223.389,234.054,2.16132,40.0502
234.054,4.9467,4.87492,5.01848,245.228,256.936,2.02669,44.9908
256.936,4.81079,4.74425,4.87733,269.203,282.056,1.89204,49.9375
282.056,4.57338,4.49789,4.64887,295.522,309.631,1.75737,54.7483
309.631,4.28642,4.20933,4.36351,324.414,339.902,1.6227,59.3217
339.902,4.00027,3.90755,4.09299,356.13,373.132,1.48801,63.6081
373.132,3.74767,3.65298,3.84236,390.946,409.611,1.35329,67.6084
409.611,3.53738,3.45003,3.62473,429.167,449.657,1.21853,71.356
449.657,3.35677,3.2943,3.41924,471.125,493.617,1.08373,74.8934
493.617,3.18158,3.12023,3.24293,517.184,541.876,0.948868,78.2502
541.876,2.99031,2.89504,3.08558,567.746,594.852,0.813905,81.4318
594.852,2.77204,2.6358,2.90828,623.252,653.008,0.678786,84.4221
653.008,2.52765,2.36981,2.68549,684.184,716.849,0.543393,87.1941
716.849,2.26142,2.11283,2.41001,751.073,786.932,0.407456,89.7218
786.932,1.97292,1.86227,2.08357,824.502,863.866,0.270152,91.9832
863.866,1.66648,1.61075,1.72221,905.109,948.322,0.127128,93.9561
948.322,1.35111,1.32456,1.37766,993.595,1041.03,0.0666397,95.6226
1041.03,1.04886,0.988409,1.10931,1090.73,1142.81,-0.125299,96.9737
1142.81,0.782913,0.686893,0.878933,1197.37,1254.54,-0.259872,98.0226
1254.54,0.556832,0.419072,0.694592,1314.44,1377.19,-0.394443,98.8055
1377.19,0.36008,0.173312,0.546848,1442.94,1511.83,-0.529012,99.3623
1511.83,0.184862,0.0231083,0.346616,1584.01,1659.63,-0.663579,99.7224
1659.63,0.0809359,0,0.192117,1738.86,1821.88,-0.798145,99.9073
1821.88,0.0118052,0,0.0302622,1908.86,2000,-0.932714,99.9882
