Kanaldurchmesser (Unten),Diff.,-2 S.D.,+2 S.D.,Kanaldurchmesser (Mitte),Kanaldurchmesser (Oben),Kanaldurchmesser (Mitte),Kum. <
um,Volumen,Diff.,Diff.,um,um,Phi,Volumen
,%,Volumen,Volumen,,,,%
,,%,%,,,,
0.03999,0.00033684,0.000328305,0.000345375,0.0418992,0.0438996,14.5426,0
0.0438996,0.00042395,0.000413927,0.000433973,0.0459955,0.0481915,14.408,0.00033684
0.0481915,0.000646787,0.000630596,0.000662978,0.0504923,0.0529029,14.2734,0.00076079
0.0529029,0.00125719,0.00122086,0.00129352,0.0554286,0.0580749,14.1389,0.00140758
0.0580749,0.00265006,0.00257523,0.00272489,0.0608476,0.0637526,14.0043,0.00266477
0.0637526,0.00504899,0.00492486,0.00517312,0.0667963,0.0699854,13.8697,0.00531483
0.0699854,0.00794969,0.00776632,0.00813306,0.0733267,0.0768275,13.7351,0.0103638
0.0768275,0.0106697,0.0104152,0.0109242,0.0804954,0.0843385,13.6006,0.0183135
0.0843385,0.0132715,0.0129451,0.0135979,0.088365,0.0925838,13.466,0.0289832
0.0925838,0.01602,0.01561,0.01643,0.0970039,0.101635,13.3314,0.0422547
0.101635,0.0188908,0.0184023,0.0193793,0.106488,0.111572,13.1969,0.0582747
0.111572,0.0216519,0.0210666,0.0222372,0.116898,0.122479,13.0623,0.0771655
0.122479,0.0243829,0.0237233,0.0250425,0.128327,0.134454,12.9277,0.0988174
0.134454,0.0271278,0.0263892,0.0278664,0.140873,0.147598,12.7931,0.1232
0.147598,0.0297112,0.028875,0.0305474,0.154645,0.162028,12.6586,0.150328
0.162028,0.0322592,0.0313191,0.0331993,0.169764,0.177869,12.524,0.180039
0.177869,0.0349659,0.0339693,0.0359625,0.186361,0.195258,12.3894,0.212299
0.195258,0.0379508,0.0367928,0.0391088,0.20458,0.214348,12.2549,0.247264
0.214348,0.0410837,0.0397819,0.0423855,0.224581,0.235303,12.1203,0.285215
0.235303,0.0443848,0.042899,0.0458706,0.246537,0.258308,11.9857,0.326299
0.258308,0.0478758,0.0462138,0.0495378,0.27064,0.283561,11.8511,0.370684
0.283561,0.0514158,0.0495623,0.0532693,0.297099,0.311283,11.7166,0.41856
0.311283,0.0549266,0.0528901,0.0569631,0.326145,0.341716,11.582,0.469975
0.341716,0.0584451,0.056145,0.0607452,0.358031,0.375124,11.4474,0.524902
0.375124,0.0621276,0.0596538,0.0646014,0.393033,0.411798,11.3129,0.583347
0.411798,0.0660035,0.0632653,0.0687417,0.431458,0.452057,11.1783,0.645475
0.452057,0.0701037,0.0670613,0.0731461,0.473639,0.496252,11.0437,0.711478
0.496252,0.0744616,0.0710913,0.0778319,0.519944,0.544768,10.9091,0.781582
0.544768,0.0791335,0.0754216,0.0828454,0.570777,0.598027,10.7746,0.856043
0.598027,0.0841979,0.0800527,0.0883431,0.626578,0.656493,10.64,0.935177
0.656493,0.0897278,0.0851323,0.0943233,0.687836,0.720675,10.5054,1.01937
0.720675,0.0958238,0.0906516,0.100996,0.755082,0.791132,10.3709,1.1091
0.791132,0.102558,0.0967834,0.108333,0.828903,0.868477,10.2363,1.20493
0.868477,0.110107,0.103647,0.116567,0.90994,0.953383,10.1017,1.30748
0.953383,0.118678,0.111407,0.125949,0.9989,1.04659,9.96714,1.41759
1.04659,0.128517,0.120333,0.136701,1.09656,1.14891,9.83257,1.53627
1.14891,0.139805,0.130585,0.149025,1.20376,1.26123,9.698,1.66479
1.26123,0.152645,0.142223,0.163067,1.32145,1.38454,9.56343,1.80459
1.38454,0.16715,0.155369,0.178931,1.45064,1.5199,9.42885,1.95724
1.5199,0.183402,0.170099,0.196705,1.59246,1.66849,9.29428,2.12439
1.66849,0.201569,0.186576,0.216562,1.74815,1.83161,9.15971,2.30779
1.83161,0.221669,0.204816,0.238522,1.91906,2.01068,9.02514,2.50936
2.01068,0.24367,0.224708,0.262632,2.10667,2.20725,8.89056,2.73103
2.20725,0.267393,0.24616,0.288626,2.31263,2.42304,8.75599,2.9747
2.42304,0.292705,0.268967,0.316443,2.53872,2.65993,8.62142,3.24209
2.65993,0.319495,0.292982,0.346008,2.78692,2.91998,8.48684,3.53479
2.91998,0.347528,0.317909,0.377147,3.05939,3.20545,8.35227,3.85429
3.20545,0.376512,0.343888,0.409136,3.35849,3.51883,8.2177,4.20182
3.51883,0.405885,0.369661,0.442109,3.68682,3.86284,8.08313,4.57833
3.86284,0.435295,0.395491,0.475099,4.04726,4.24049,7.94855,4.98421
4.24049,0.46434,0.420864,0.507816,4.44294,4.65506,7.81398,5.41951
4.65506,0.492852,0.445676,0.540028,4.87731,5.11017,7.6794,5.88385
5.11017,0.52045,0.469393,0.571507,5.35414,5.60976,7.54483,6.3767
5.60976,0.546899,0.492123,0.601675,5.87759,6.1582,7.41025,6.89715
6.1582,0.572354,0.513719,0.630989,6.45221,6.76025,7.27568,7.44405
6.76025,0.597247,0.534969,0.659525,7.08301,7.42117,7.14111,8.01641
7.42117,0.622518,0.556352,0.688684,7.77547,8.14669,7.00653,8.61365
8.14669,0.648504,0.578358,0.71865,8.53563,8.94315,6.87196,9.23617
8.94315,0.676136,0.602005,0.750267,9.37012,9.81748,6.73738,9.88467
9.81748,0.705989,0.62732,0.784658,10.2862,10.7773,6.6028,10.5608
10.7773,0.74018,0.656387,0.823973,11.2918,11.8309,6.46823,11.2668
11.8309,0.779685,0.690176,0.869194,12.3958,12.9876,6.33365,12.007
12.9876,0.824326,0.728445,0.920206,13.6076,14.2573,6.19907,12.7867
14.2573,0.871344,0.76885,0.973838,14.938,15.6512,6.0645,13.611
15.6512,0.916998,0.808265,1.02573,16.3984,17.1813,5.92992,14.4823
17.1813,0.960056,0.846008,1.0741,18.0016,18.861,5.79534,15.3993
18.861,1.00158,0.882815,1.12034,19.7615,20.705,5.66076,16.3594
20.705,1.04631,0.92346,1.16916,21.6935,22.7292,5.52618,17.361
22.7292,1.09754,0.97037,1.22471,23.8143,24.9513,5.39161,18.4073
24.9513,1.15631,1.02462,1.288,26.1425,27.3906,5.25703,19.5048
27.3906,1.2204,1.08361,1.35719,28.6983,30.0685,5.12245,20.6611
30.0685,1.28634,1.14384,1.42884,31.504,33.0081,4.98787,21.8815
33.0081,1.35379,1.20553,1.50206,34.584,36.2352,4.85328,23.1679
36.2352,1.42638,1.27269,1.58007,37.9652,39.7777,4.7187,24.5217
39.7777,1.51234,1.35446,1.67022,41.6768,43.6665,4.58412,25.948
43.6665,1.62053,1.46109,1.77997,45.7513,47.9356,4.44954,27.4604
47.9356,1.75649,1.59817,1.91481,50.2242,52.622,4.31495,29.0809
52.622,1.92003,1.765,2.07506,55.1343,57.7666,4.18036,30.8374
57.7666,2.1045,1.95457,2.25443,60.5245,63.4141,4.04578,32.7574
63.4141,2.29988,2.15427,2.44549,66.4417,69.6138,3.91119,34.8619
69.6138,2.4961,2.35323,2.63897,72.9374,76.4196,3.7766,37.1618
76.4196,2.68588,2.54658,2.82518,80.0681,83.8907,3.64201,39.6579
83.8907,2.86405,2.72918,2.99892,87.8959,92.0923,3.50742,42.3438
92.0923,3.02378,2.89836,3.1492,96.4892,101.096,3.37282,45.2078
101.096,3.15296,3.04501,3.26091,105.922,110.979,3.23822,48.2316
110.979,3.23516,3.15243,3.31789,116.278,121.829,3.10363,51.3846
121.829,3.2583,3.20772,3.30888,127.646,133.74,2.96902,54.6197
133.74,3.22283,3.19842,3.24724,140.125,146.815,2.83441,57.878
146.815,3.14497,3.12532,3.16462,153.824,161.168,2.69981,61.1009
161.168,3.0444,3.00227,3.08653,168.863,176.925,2.56519,64.2458
176.925,2.93066,2.87347,2.98785,185.372,194.222,2.43057,67.2902
194.222,2.7935,2.72757,2.85943,203.495,213.21,2.29595,70.2209
213.21,2.61218,2.55057,2.67379,223.389,234.054,2.16132,73.0144
234.054,2.37863,2.3085,2.44876,245.228,256.936,2.02669,75.6266
256.936,2.11727,1.99349,2.24105,269.203,282.056,1.89204,78.0052
282.056,1.88678,1.67931,2.09425,295.522,309.631,1.75737,80.1225
309.631,1.75033,1.45535,2.04531,324.414,339.902,1.6227,82.0093
339.902,1.7449,1.38236,2.10744,356.13,373.132,1.48801,83.7596
373.132,1.86117,1.47094,2.2514,390.946,409.611,1.35329,85.5045
409.611,2.03701,1.67196,2.40206,429.167,449.657,1.21853,87.3657
449.657,2.17115,1.8785,2.4638,471.125,493.617,1.08373,89.4027
493.617,2.16293,1.95604,2.36982,517.184,541.876,0.948868,91.5738
541.876,1.96222,1.81378,2.11066,567.746,594.852,0.813905,93.7368
594.852,1.59878,1.46957,1.72799,623.252,653.008,0.678786,95.699
653.008,1.16072,0.956399,1.36504,684.184,716.849,0.543393,97.2978
716.849,0.742634,0.38073,1.10454,751.073,786.932,0.407456,98.4585
786.932,0.419466,0,0.909415,824.502,863.866,0.270152,99.2011
863.866,0.22007,0,0.708448,905.109,948.322,0.127128,99.6206
948.322,0.107029,0,0.437854,993.595,1041.03,0.0666397,99.8406
1041.03,0.042699,0,0.188646,1090.73,1142.81,-0.125299,99.9477
1142.81,0.00884908,0,0.0395032,1197.37,1254.54,-0.259872,99.9904
1254.54,0.000774853,0,0.00345902,1314.44,1377.19,-0.394443,99.9992
1377.19,0,0,0,1442.94,1511.83,-0.529012,100
1511.83,0,0,0,1584.01,1659.63,-0.663579,100
1659.63,0,0,0,1738.86,1821.88,-0.798145,100
1821.88,0,0,0,1908.86,2000,-0.932714,100
