Channel Diameter (Lower),Diff.,-2 S.D.,+2 S.D.,Channel Diameter (Center),Channel Diameter (Upper),Channel Diameter (Center),Cum. <
um,Volume,Diff.,Diff.,um,um,Phi,Volume
,%,Volume,Volume,,,,%
,,%,%,,,,
0.375124,0,0,0,0.393033,0.411798,11.3129,0
0.411798,0,0,0,0.431458,0.452057,11.1783,0
0.452057,0,0,0,0.473639,0.496252,11.0437,0
0.496252,0,0,0,0.519944,0.544768,10.9091,0
0.544768,0,0,0,0.570777,0.598027,10.7746,0
0.598027,0,0,0,0.626578,0.656493,10.64,0
0.656493,0,0,0,0.687836,0.720675,10.5054,0
0.720675,0.000309832,0.000288837,0.000330827,0.755082,0.791132,10.3709,0
0.791132,0.00413435,0.00385342,0.00441528,0.828903,0.868477,10.2363,0.000309832
0.868477,0.0124704,0.0116292,0.0133116,0.90994,0.953383,10.1017,0.00444418
0.953383,0.019993,0.0186514,0.0213346,0.9989,1.04659,9.96714,0.0169146
1.04659,0.0256805,0.0239683,0.0273927,1.09656,1.14891,9.83257,0.0369076
1.14891,0.0294869,0.0275384,0.0314354,1.20376,1.26123,9.698,0.0625881
1.26123,0.0313776,0.0293161,0.0334391,1.32145,1.38454,9.56343,0.092075
1.38454,0.0315016,0.029437,0.0335662,1.45064,1.5199,9.42885,0.123453
1.5199,0.0301264,0.0281364,0.0321164,1.59246,1.66849,9.29428,0.154954
1.66849,0.0276384,0.0257825,0.0294943,1.74815,1.83161,9.15971,0.185081
1.83161,0.024462,0.0227552,0.0261688,1.91906,2.01068,9.02514,0.212719
2.01068,0.021035,0.0194626,0.0226074,2.10667,2.20725,8.89056,0.237181
2.20725,0.0177406,0.0162622,0.019219,2.31263,2.42304,8.75599,0.258216
2.42304,0.0148916,0.0134544,0.0163288,2.53872,2.65993,8.62142,0.275957
2.65993,0.0126978,0.0112396,0.014156,2.78692,2.91998,8.48684,0.290848
2.91998,0.0112676,0.00972385,0.0128114,3.05939,3.20545,8.35227,0.303546
3.20545,0.0106135,0.00892649,0.0123005,3.35849,3.51883,8.2177,0.314814
3.51883,0.0106683,0.00878561,0.012551,3.68682,3.86284,8.08313,0.325427
3.86284,0.011313,0.00919778,0.0134282,4.04726,4.24049,7.94855,0.336095
4.24049,0.0123889,0.0100199,0.0147579,4.44294,4.65506,7.81398,0.347408
4.65506,0.0137225,0.0110943,0.0163507,4.87731,5.11017,7.6794,0.359797
5.11017,0.0151427,0.0122604,0.018025,5.35414,5.60976,7.54483,0.37352
5.60976,0.0165012,0.0133808,0.0196216,5.87759,6.1582,7.41025,0.388662
6.1582,0.0176901,0.0143539,0.0210263,6.45221,6.76025,7.27568,0.405164
6.76025,0.0186434,0.0151179,0.0221689,7.08301,7.42117,7.14111,0.422854
7.42117,0.0193302,0.0156434,0.023017,7.77547,8.14669,7.00653,0.441497
8.14669,0.0197506,0.0159413,0.0235599,8.53563,8.94315,6.87196,0.460827
8.94315,0.0199583,0.0160743,0.0238423,9.37012,9.81748,6.73738,0.480578
9.81748,0.0200557,0.0161604,0.023951,10.2862,10.7773,6.6028,0.500536
10.7773,0.0201903,0.0163758,0.0240048,11.2918,11.8309,6.46823,0.520592
11.8309,0.0205442,0.0169244,0.024164,12.3958,12.9876,6.33365,0.540782
12.9876,0.0212724,0.0179755,0.0245693,13.6076,14.2573,6.19907,0.561327
14.2573,0.0225041,0.0196538,0.0253544,14.938,15.6512,6.0645,0.582599
15.6512,0.0242584,0.0219154,0.0266014,16.3984,17.1813,5.92992,0.605103
17.1813,0.0265008,0.0245838,0.0284178,18.0016,18.861,5.79534,0.629361
18.861,0.0291777,0.0274218,0.0309336,19.7615,20.705,5.66076,0.655862
20.705,0.03226,0.0302797,0.0342403,21.6935,22.7292,5.52618,0.68504
22.7292,0.0358439,0.0331745,0.0385133,23.8143,24.9513,5.39161,0.7173
24.9513,0.0399186,0.0360637,0.0437735,26.1425,27.3906,5.25703,0.753144
27.3906,0.0444476,0.0392255,0.0496697,28.6983,30.0685,5.12245,0.793062
30.0685,0.0492977,0.0430783,0.0555171,31.504,33.0081,4.98787,0.83751
33.0081,0.0540525,0.0477682,0.0603368,34.584,36.2352,4.85328,0.886808
36.2352,0.0582404,0.0531237,0.0633571,37.9652,39.7777,4.7187,0.94086
39.7777,0.0619132,0.0589405,0.0648859,41.6768,43.6665,4.58412,0.999101
43.6665,0.0667708,0.0654044,0.0681372,45.7513,47.9356,4.44954,1.06101
47.9356,0.075958,0.0734889,0.0784271,50.2242,52.622,4.31495,1.12778
52.622,0.0926025,0.0894288,0.0957762,55.1343,57.7666,4.18036,1.20374
57.7666,0.119223,0.116707,0.121739,60.5245,63.4141,4.04578,1.29635
63.4141,0.157531,0.156398,0.158664,66.4417,69.6138,3.91119,1.41557
69.6138,0.208658,0.206919,0.210397,72.9374,76.4196,3.7766,1.5731
76.4196,0.275173,0.271432,0.278914,80.0681,83.8907,3.64201,1.78176
83.8907,0.363888,0.357812,0.369964,87.8959,92.0923,3.50742,2.05693
92.0923,0.488726,0.481689,0.495763,96.4892,101.096,3.37282,2.42082
101.096,0.67641,0.668878,0.683942,105.922,110.979,3.23822,2.90954
110.979,0.973682,0.963526,0.983838,116.278,121.829,3.10363,3.58595
121.829,1.44564,1.42633,1.46495,127.646,133.74,2.96902,4.55964
133.74,2.15709,2.11886,2.19532,140.125,146.815,2.83441,6.00528
146.815,3.14025,3.07982,3.20068,153.824,161.168,2.69981,8.16237
161.168,4.36135,4.2859,4.4368,168.863,176.925,2.56519,11.3026
176.925,5.70223,5.60531,5.79915,185.372,194.222,2.43057,15.664
194.222,6.97001,6.84916,7.09086,203.495,213.21,2.29595,21.3662
213.21,7.94175,7.80293,8.08057,223.389,234.054,2.16132,28.3362
234.054,8.43567,8.29006,8.58128,245.228,256.936,2.02669,36.278
256.936,8.37442,8.23106,8.51778,269.203,282.056,1.89204,44.7136
282.056,7.80988,7.69198,7.92778,295.522,309.631,1.75737,53.088
309.631,6.90241,6.82972,6.9751,324.414,339.902,1.6227,60.8979
339.902,5.86301,5.80497,5.92105,356.13,373.132,1.48801,67.8003
373.132,4.87797,4.79282,4.96312,390.946,409.611,1.35329,73.6633
409.611,4.04866,3.94574,4.15158,429.167,449.657,1.21853,78.5413
449.657,3.38046,3.27914,3.48178,471.125,493.617,1.08373,82.59
493.617,2.82511,2.7489,2.90132,517.184,541.876,0.948868,85.9704
541.876,2.34204,2.30345,2.38063,567.746,594.852,0.813905,88.7955
594.852,1.92734,1.88781,1.96687,623.252,653.008,0.678786,91.1376
653.008,1.59301,1.52247,1.66355,684.184,716.849,0.543393,93.0649
716.849,1.33876,1.24138,1.43614,751.073,786.932,0.407456,94.6579
786.932,1.14585,1.00664,1.28506,824.502,863.866,0.270152,95.9967
863.866,0.975615,0.777849,1.17338,905.109,948.322,0.127128,97.1425
948.322,0.776909,0.53719,1.01663,993.595,1041.03,0.0666397,98.1182
1041.03,0.547284,0.311378,0.78319,1090.73,1142.81,-0.125299,98.8951
1142.81,0.340391,0.153683,0.527099,1197.37,1254.54,-0.259872,99.4424
1254.54,0.165902,0.0387388,0.293065,1314.44,1377.19,-0.394443,99.7827
1377.19,0.0457117,0,0.108198,1442.94,1511.83,-0.529012,99.9486
1511.83,0.00543519,0,0.0196429,1584.01,1659.63,-0.663579,99.9944
1659.63,0.000208198,0,0.000929416,1738.86,1821.88,-0.798145,99.9998
1821.88,0,0,0,1908.86,2000,-0.932714,100
