Kanaldurchmesser (Unten),Diff.,-2 S.D.,+2 S.D.,Kanaldurchmesser (Mitte),Kanaldurchmesser (Oben),Kanaldurchmesser (Mitte),Kum. <
um,Volumen,Diff.,Diff.,um,um,Phi,Volumen
,%,Volumen,Volumen,,,,%
,,%,%,,,,
0.03999,0.000371415,0.000345112,0.000397718,0.0418992,0.0438996,14.5426,0
0.0438996,0.000459351,0.000428699,0.000490003,0.0459955,0.0481915,14.408,0.000371415
0.0481915,0.000687468,0.00064446,0.000730476,0.0504923,0.0529029,14.2734,0.000830766
0.0529029,0.00130642,0.00122444,0.0013884,0.0554286,0.0580749,14.1389,0.00151823
0.0580749,0.00275776,0.00258468,0.00293084,0.0608476,0.0637526,14.0043,0.00282465
0.0637526,0.00534902,0.00501455,0.00568349,0.0667963,0.0699854,13.8697,0.00558241
0.0699854,0.0086672,0.00809115,0.00924325,0.0733267,0.0768275,13.7351,0.0109314
0.0768275,0.0118362,0.0110006,0.0126718,0.0804954,0.0843385,13.6006,0.0195986
0.0843385,0.0148654,0.0137748,0.015956,0.088365,0.0925838,13.466,0.0314348
0.0925838,0.0180504,0.0167031,0.0193977,0.0970039,0.101635,13.3314,0.0463002
0.101635,0.021464,0.0198122,0.0231158,0.106488,0.111572,13.1969,0.0643506
0.111572,0.024796,0.0228312,0.0267608,0.116898,0.122479,13.0623,0.0858146
0.122479,0.0280325,0.025787,0.030278,0.128327,0.134454,12.9277,0.110611
0.134454,0.0313566,0.0287974,0.0339158,0.140873,0.147598,12.7931,0.138643
0.147598,0.0345894,0.0316897,0.0374891,0.154645,0.162028,12.6586,0.17
0.162028,0.0378596,0.0346016,0.0411176,0.169764,0.177869,12.524,0.204589
0.177869,0.0412857,0.0376604,0.044911,0.186361,0.195258,12.3894,0.242449
0.195258,0.0451456,0.0410869,0.0492043,0.20458,0.214348,12.2549,0.283734
0.214348,0.0493595,0.0447466,0.0539724,0.224581,0.235303,12.1203,0.32888
0.235303,0.0539568,0.0486854,0.0592282,0.246537,0.258308,11.9857,0.378239
0.258308,0.058849,0.0528516,0.0648464,0.27064,0.283561,11.8511,0.432196
0.283561,0.0639343,0.0571366,0.070732,0.297099,0.311283,11.7166,0.491045
0.311283,0.0690632,0.0614125,0.0767139,0.326145,0.341716,11.582,0.554979
0.341716,0.0742633,0.0657462,0.0827804,0.358031,0.375124,11.4474,0.624043
0.375124,0.0796719,0.0702467,0.0890971,0.393033,0.411798,11.3129,0.698306
0.411798,0.0854936,0.0749959,0.0959913,0.431458,0.452057,11.1783,0.777978
0.452057,0.091786,0.0800392,0.103533,0.473639,0.496252,11.0437,0.863471
0.496252,0.0985556,0.0854298,0.111681,0.519944,0.544768,10.9091,0.955257
0.544768,0.105789,0.0911285,0.12045,0.570777,0.598027,10.7746,1.05381
0.598027,0.11366,0.0972503,0.13007,0.626578,0.656493,10.64,1.1596
0.656493,0.122282,0.103814,0.14075,0.687836,0.720675,10.5054,1.27326
0.720675,0.131754,0.110938,0.15257,0.755082,0.791132,10.3709,1.39554
0.791132,0.142073,0.118579,0.165567,0.828903,0.868477,10.2363,1.5273
0.868477,0.153423,0.126858,0.179988,0.90994,0.953383,10.1017,1.66937
0.953383,0.166019,0.135885,0.196153,0.9989,1.04659,9.96714,1.82279
1.04659,0.180104,0.145791,0.214417,1.09656,1.14891,9.83257,1.98881
1.14891,0.19575,0.156624,0.234876,1.20376,1.26123,9.698,2.16892
1.26123,0.212932,0.168392,0.257472,1.32145,1.38454,9.56343,2.36467
1.38454,0.231667,0.181106,0.282228,1.45064,1.5199,9.42885,2.5776
1.5199,0.252012,0.194769,0.309255,1.59246,1.66849,9.29428,2.80927
1.66849,0.274111,0.209598,0.338624,1.74815,1.83161,9.15971,3.06128
1.83161,0.29791,0.225593,0.370227,1.91906,2.01068,9.02514,3.33539
2.01068,0.32336,0.24283,0.40389,2.10667,2.20725,8.89056,3.6333
2.20725,0.35038,0.261334,0.439426,2.31263,2.42304,8.75599,3.95666
2.42304,0.379121,0.281294,0.476948,2.53872,2.65993,8.62142,4.30704
2.65993,0.40976,0.303015,0.516505,2.78692,2.91998,8.48684,4.68616
2.91998,0.442323,0.326614,0.558032,3.05939,3.20545,8.35227,5.09592
3.20545,0.476633,0.35211,0.601156,3.35849,3.51883,8.2177,5.53824
3.51883,0.51226,0.379218,0.645302,3.68682,3.86284,8.08313,6.01487
3.86284,0.548928,0.407942,0.689914,4.04726,4.24049,7.94855,6.52713
4.24049,0.586197,0.437938,0.734456,4.44294,4.65506,7.81398,7.07606
4.65506,0.623632,0.469266,0.777998,4.87731,5.11017,7.6794,7.66226
5.11017,0.660481,0.501367,0.819595,5.35414,5.60976,7.54483,8.28589
5.60976,0.696312,0.534304,0.85832,5.87759,6.1582,7.41025,8.94637
6.1582,0.731277,0.567978,0.894576,6.45221,6.76025,7.27568,9.64268
6.76025,0.766017,0.603195,0.928839,7.08301,7.42117,7.14111,10.374
7.42117,0.801376,0.640962,0.96179,7.77547,8.14669,7.00653,11.14
8.14669,0.837525,0.68155,0.9935,8.53563,8.94315,6.87196,11.9414
8.94315,0.875078,0.726199,1.02396,9.37012,9.81748,6.73738,12.7789
9.81748,0.91462,0.775403,1.05384,10.2862,10.7773,6.6028,13.654
10.7773,0.957904,0.830517,1.08529,11.2918,11.8309,6.46823,14.5686
11.8309,1.00471,0.891368,1.11805,12.3958,12.9876,6.33365,15.5265
12.9876,1.05202,0.955244,1.1488,13.6076,14.2573,6.19907,16.5312
14.2573,1.09306,1.01602,1.1701,14.938,15.6512,6.0645,17.5832
15.6512,1.12057,1.06637,1.17476,16.3984,17.1813,5.92992,18.6763
17.1813,1.13222,1.09844,1.166,18.0016,18.861,5.79534,19.7968
18.861,1.13177,1.09684,1.1667,19.7615,20.705,5.66076,20.9291
20.705,1.12883,1.07212,1.18554,21.6935,22.7292,5.52618,22.0608
22.7292,1.13186,1.05234,1.21138,23.8143,24.9513,5.39161,23.1897
24.9513,1.14456,1.0474,1.24172,26.1425,27.3906,5.25703,24.3215
27.3906,1.16445,1.05577,1.27313,28.6983,30.0685,5.12245,25.4661
30.0685,1.18554,1.07081,1.30027,31.504,33.0081,4.98787,26.6305
33.0081,1.20424,1.08699,1.32149,34.584,36.2352,4.85328,27.8161
36.2352,1.22217,1.10465,1.33969,37.9652,39.7777,4.7187,29.0203
39.7777,1.24693,1.13099,1.36287,41.6768,43.6665,4.58412,30.2425
43.6665,1.28772,1.17497,1.40047,45.7513,47.9356,4.44954,31.4894
47.9356,1.35036,1.24219,1.45853,50.2242,52.622,4.31495,32.7771
52.622,1.43444,1.33047,1.53841,55.1343,57.7666,4.18036,34.1275
57.7666,1.53341,1.4325,1.63432,60.5245,63.4141,4.04578,35.5619
63.4141,1.639,1.53704,1.74096,66.4417,69.6138,3.91119,37.0953
69.6138,1.74609,1.63788,1.8543,72.9374,76.4196,3.7766,38.7343
76.4196,1.8557,1.73595,1.97545,80.0681,83.8907,3.64201,40.4804
83.8907,1.97279,1.83641,2.10917,87.8959,92.0923,3.50742,42.3361
92.0923,2.09918,1.9437,2.25466,96.4892,101.096,3.37282,44.3089
101.096,2.2274,2.05126,2.40354,105.922,110.979,3.23822,46.4081
110.979,2.3408,2.14247,2.53913,116.278,121.829,3.10363,48.6355
121.829,2.42512,2.2059,2.64434,127.646,133.74,2.96902,50.9763
133.74,2.48173,2.25152,2.71194,140.125,146.815,2.83441,53.4014
146.815,2.53296,2.31028,2.75564,153.824,161.168,2.69981,55.8831
161.168,2.60677,2.41029,2.80325,168.863,176.925,2.56519,58.4161
176.925,2.71531,2.55055,2.88007,185.372,194.222,2.43057,61.0229
194.222,2.83664,2.69326,2.98002,203.495,213.21,2.29595,63.7382
213.21,2.92015,2.78726,3.05304,223.389,234.054,2.16132,66.5748
234.054,2.91463,2.78199,3.04727,245.228,256.936,2.02669,69.495
256.936,2.80377,2.63905,2.96849,269.203,282.056,1.89204,72.4096
282.056,2.62455,2.41356,2.83554,295.522,309.631,1.75737,75.2134
309.631,2.44519,2.21286,2.67752,324.414,339.902,1.6227,77.8379
339.902,2.32589,2.11587,2.53591,356.13,373.132,1.48801,80.2831
373.132,2.28485,2.13296,2.43674,390.946,409.611,1.35329,82.609
409.611,2.28631,2.18921,2.38341,429.167,449.657,1.21853,84.8938
449.657,2.25667,2.14602,2.36732,471.125,493.617,1.08373,87.1802
493.617,2.12149,1.97261,2.27037,517.184,541.876,0.948868,89.4368
541.876,1.85362,1.69541,2.01183,567.746,594.852,0.813905,91.5583
594.852,1.49917,1.36091,1.63743,623.252,653.008,0.678786,93.4119
653.008,1.15022,1.04535,1.25509,684.184,716.849,0.543393,94.9111
716.849,0.885288,0.805755,0.964821,751.073,786.932,0.407456,96.0613
786.932,0.732697,0.647765,0.817629,824.502,863.866,0.270152,96.9466
863.866,0.658642,0.539588,0.777696,905.109,948.322,0.127128,97.6793
948.322,0.607683,0.422088,0.793278,993.595,1041.03,0.0666397,98.3379
1041.03,0.519728,0.263359,0.776097,1090.73,1142.81,-0.125299,98.9456
1142.81,0.342248,0.103243,0.581253,1197.37,1254.54,-0.259872,99.4653
1254.54,0.155662,0.0113975,0.299927,1314.44,1377.19,-0.394443,99.8076
1377.19,0.033591,0,0.0706006,1442.94,1511.83,-0.529012,99.9633
1511.83,0.00314447,0,0.00733907,1584.01,1659.63,-0.663579,99.9968
1659.63,0,0,0,1738.86,1821.88,-0.798145,100
1821.88,0,0,0,1908.86,2000,-0.932714,100
