Kanaldurchmesser (Unten),Diff.,-2 S.D.,+2 S.D.,Kanaldurchmesser (Mitte),Kanaldurchmesser (Oben),Kanaldurchmesser (Mitte),Kum. <
um,Volumen,Diff.,Diff.,um,um,Phi,Volumen
,%,Volumen,Volumen,,,,%
,,%,%,,,,
0.03999,0.000504609,0.000451691,0.000557527,0.0418992,0.0438996,14.5426,0
0.0438996,0.000621782,0.000562174,0.00068139,0.0459955,0.0481915,14.408,0.000504609
0.0481915,0.000925699,0.000846599,0.0010048,0.0504923,0.0529029,14.2734,0.00112639
0.0529029,0.00175668,0.00162579,0.00188757,0.0554286,0.0580749,14.1389,0.00205209
0.0580749,0.00371431,0.00343138,0.00399724,0.0608476,0.0637526,14.0043,0.00380877
0.0637526,0.00720534,0.00659952,0.00781116,0.0667963,0.0699854,13.8697,0.00752308
0.0699854,0.0116339,0.0105242,0.0127436,0.0733267,0.0768275,13.7351,0.0147284
0.0768275,0.0158106,0.0142125,0.0174087,0.0804954,0.0843385,13.6006,0.0263623
0.0843385,0.0197701,0.017718,0.0218222,0.088365,0.0925838,13.466,0.0421729
0.0925838,0.0239059,0.0214024,0.0264094,0.0970039,0.101635,13.3314,0.061943
0.101635,0.0282772,0.0252687,0.0312857,0.106488,0.111572,13.1969,0.0858489
0.111572,0.032499,0.0289904,0.0360076,0.116898,0.122479,13.0623,0.114126
0.122479,0.0365922,0.0326316,0.0405528,0.128327,0.134454,12.9277,0.146625
0.134454,0.0407565,0.036304,0.045209,0.140873,0.147598,12.7931,0.183217
0.147598,0.0446449,0.0397354,0.0495544,0.154645,0.162028,12.6586,0.223974
0.162028,0.0484883,0.0431209,0.0538557,0.169764,0.177869,12.524,0.268619
0.177869,0.0524814,0.0466575,0.0583053,0.186361,0.195258,12.3894,0.317107
0.195258,0.0569505,0.0505791,0.0633219,0.20458,0.214348,12.2549,0.369588
0.214348,0.0616488,0.0546881,0.0686095,0.224581,0.235303,12.1203,0.426539
0.235303,0.066611,0.0590184,0.0742036,0.246537,0.258308,11.9857,0.488188
0.258308,0.0717829,0.0635364,0.0800294,0.27064,0.283561,11.8511,0.554799
0.283561,0.0769881,0.0680726,0.0859036,0.297099,0.311283,11.7166,0.626581
0.311283,0.0820938,0.0725345,0.0916531,0.326145,0.341716,11.582,0.70357
0.341716,0.0871374,0.0769535,0.0973213,0.358031,0.375124,11.4474,0.785663
0.375124,0.0923211,0.0815044,0.103138,0.393033,0.411798,11.3129,0.872801
0.411798,0.0977162,0.0862484,0.109184,0.431458,0.452057,11.1783,0.965122
0.452057,0.103391,0.0912092,0.115573,0.473639,0.496252,11.0437,1.06284
0.496252,0.109372,0.0964416,0.122302,0.519944,0.544768,10.9091,1.16623
0.544768,0.115693,0.101961,0.129425,0.570777,0.598027,10.7746,1.2756
0.598027,0.122454,0.107866,0.137042,0.626578,0.656493,10.64,1.39129
0.656493,0.129757,0.114233,0.145281,0.687836,0.720675,10.5054,1.51375
0.720675,0.137721,0.121165,0.154277,0.755082,0.791132,10.3709,1.6435
0.791132,0.146396,0.128708,0.164084,0.828903,0.868477,10.2363,1.78123
0.868477,0.155979,0.137046,0.174912,0.90994,0.953383,10.1017,1.92762
0.953383,0.166704,0.146369,0.187039,0.9989,1.04659,9.96714,2.0836
1.04659,0.178871,0.156953,0.200789,1.09656,1.14891,9.83257,2.2503
1.14891,0.19269,0.16897,0.21641,1.20376,1.26123,9.698,2.42918
1.26123,0.208289,0.182557,0.234021,1.32145,1.38454,9.56343,2.62187
1.38454,0.225815,0.197824,0.253806,1.45064,1.5199,9.42885,2.83015
1.5199,0.245448,0.214973,0.275923,1.59246,1.66849,9.29428,3.05597
1.66849,0.26752,0.234259,0.300781,1.74815,1.83161,9.15971,3.30142
1.83161,0.292219,0.255828,0.32861,1.91906,2.01068,9.02514,3.56894
2.01068,0.319726,0.279854,0.359598,2.10667,2.20725,8.89056,3.86116
2.20725,0.350122,0.306488,0.393756,2.31263,2.42304,8.75599,4.18088
2.42304,0.383652,0.335706,0.431598,2.53872,2.65993,8.62142,4.531
2.65993,0.420624,0.367803,0.473445,2.78692,2.91998,8.48684,4.91466
2.91998,0.461225,0.403034,0.519416,3.05939,3.20545,8.35227,5.33528
3.20545,0.505431,0.44125,0.569612,3.35849,3.51883,8.2177,5.7965
3.51883,0.552873,0.482089,0.623657,3.68682,3.86284,8.08313,6.30194
3.86284,0.603259,0.525129,0.681389,4.04726,4.24049,7.94855,6.85481
4.24049,0.656201,0.569777,0.742625,4.44294,4.65506,7.81398,7.45807
4.65506,0.711365,0.616111,0.806619,4.87731,5.11017,7.6794,8.11427
5.11017,0.768058,0.663111,0.873005,5.35414,5.60976,7.54483,8.82563
5.60976,0.825603,0.710473,0.940733,5.87759,6.1582,7.41025,9.59369
6.1582,0.883669,0.757718,1.00962,6.45221,6.76025,7.27568,10.4193
6.76025,0.942367,0.804998,1.07974,7.08301,7.42117,7.14111,11.303
7.42117,1.00212,0.85288,1.15136,7.77547,8.14669,7.00653,12.2453
8.14669,1.06269,0.901129,1.22425,8.53563,8.94315,6.87196,13.2474
8.94315,1.12374,0.949916,1.29756,9.37012,9.81748,6.73738,14.3101
9.81748,1.18448,0.998334,1.37063,10.2862,10.7773,6.6028,15.4339
10.7773,1.24497,1.04726,1.44268,11.2918,11.8309,6.46823,16.6184
11.8309,1.30424,1.09577,1.51271,12.3958,12.9876,6.33365,17.8633
12.9876,1.35962,1.14175,1.57749,13.6076,14.2573,6.19907,19.1676
14.2573,1.40596,1.18074,1.63118,14.938,15.6512,6.0645,20.5272
15.6512,1.43838,1.20864,1.66812,16.3984,17.1813,5.92992,21.9331
17.1813,1.45749,1.22576,1.68922,18.0016,18.861,5.79534,23.3715
18.861,1.47119,1.23885,1.70353,19.7615,20.705,5.66076,24.829
20.705,1.49388,1.25988,1.72788,21.6935,22.7292,5.52618,26.3002
22.7292,1.53829,1.2997,1.77688,23.8143,24.9513,5.39161,27.7941
24.9513,1.60946,1.36263,1.85629,26.1425,27.3906,5.25703,29.3324
27.3906,1.70078,1.44323,1.95833,28.6983,30.0685,5.12245,30.9418
30.0685,1.79625,1.5281,2.0644,31.504,33.0081,4.98787,32.6426
33.0081,1.87849,1.60271,2.15427,34.584,36.2352,4.85328,34.4389
36.2352,1.93584,1.6568,2.21488,37.9652,39.7777,4.7187,36.3174
39.7777,1.96764,1.69045,2.24483,41.6768,43.6665,4.58412,38.2532
43.6665,1.9816,1.70948,2.25372,45.7513,47.9356,4.44954,40.2208
47.9356,1.98761,1.72258,2.25264,50.2242,52.622,4.31495,42.2024
52.622,1.99192,1.73539,2.24845,55.1343,57.7666,4.18036,44.19
57.7666,1.99363,1.74779,2.23947,60.5245,63.4141,4.04578,46.182
63.4141,1.98765,1.75622,2.21908,66.4417,69.6138,3.91119,48.1756
69.6138,1.9697,1.7567,2.1827,72.9374,76.4196,3.7766,50.1632
76.4196,1.94162,1.75033,2.13291,80.0681,83.8907,3.64201,52.1329
83.8907,1.91204,1.74347,2.08061,87.8959,92.0923,3.50742,54.0746
92.0923,1.89029,1.74163,2.03895,96.4892,101.096,3.37282,55.9866
101.096,1.87922,1.74583,2.01261,105.922,110.979,3.23822,57.8769
110.979,1.87185,1.7486,1.9951,116.278,121.829,3.10363,59.7561
121.829,1.85757,1.74531,1.96983,127.646,133.74,2.96902,61.628
133.74,1.83216,1.73618,1.92814,140.125,146.815,2.83441,63.4855
146.815,1.8038,1.73205,1.87555,153.824,161.168,2.69981,65.3177
161.168,1.78548,1.73758,1.83338,168.863,176.925,2.56519,67.1215
176.925,1.782,1.72502,1.83898,185.372,194.222,2.43057,68.907
194.222,1.77988,1.69424,1.86552,203.495,213.21,2.29595,70.689
213.21,1.75427,1.64857,1.85997,223.389,234.054,2.16132,72.4688
234.054,1.68977,1.57667,1.80287,245.228,256.936,2.02669,74.2231
256.936,1.60018,1.48132,1.71904,269.203,282.056,1.89204,75.9129
282.056,1.53007,1.39407,1.66607,295.522,309.631,1.75737,77.5131
309.631,1.52992,1.35854,1.7013,324.414,339.902,1.6227,79.0431
339.902,1.62933,1.40348,1.85518,356.13,373.132,1.48801,80.5731
373.132,1.8164,1.52221,2.11059,390.946,409.611,1.35329,82.2024
409.611,2.03082,1.66731,2.39433,429.167,449.657,1.21853,84.0188
449.657,2.18143,1.76061,2.60225,471.125,493.617,1.08373,86.0496
493.617,2.18861,1.72622,2.651,517.184,541.876,0.948868,88.231
541.876,2.0287,1.53165,2.52575,567.746,594.852,0.813905,90.4196
594.852,1.74944,1.20781,2.29107,623.252,653.008,0.678786,92.4483
653.008,1.43821,0.837449,2.03897,684.184,716.849,0.543393,94.1978
716.849,1.16859,0.495127,1.84205,751.073,786.932,0.407456,95.636
786.932,0.966238,0.218574,1.7139,824.502,863.866,0.270152,96.8046
863.866,0.805956,0.00988893,1.60202,905.109,948.322,0.127128,97.7708
948.322,0.641508,0,1.43608,993.595,1041.03,0.0666397,98.5768
1041.03,0.444902,0,1.15039,1090.73,1142.81,-0.125299,99.2183
1142.81,0.235329,0,0.706057,1197.37,1254.54,-0.259872,99.6632
1254.54,0.0847962,0,0.295294,1314.44,1377.19,-0.394443,99.8985
1377.19,0.0155052,0,0.0595798,1442.94,1511.83,-0.529012,99.9833
1511.83,0.00118452,0,0.00500239,1584.01,1659.63,-0.663579,99.9988
1659.63,0,0,0,1738.86,1821.88,-0.798145,100
1821.88,0,0,0,1908.86,2000,-0.932714,100
